0.023809523809523808
0.21363636363636362
0.07200941750488951
0.18636363636363634
0.7127598605503878
0.7071147200895262
0.01645021645021645
0.011904761904761904
0.023809523809523808
0.023809523809523808
0.023809523809523808
0.05
0.12219996563340473
0.7206841237809181
0.12219996563340473
0.07200941750488951
0.07200941750488951
0.023809523809523808
0.03636363636363636
0.07200941750488951
0.12219996563340473
0.06363636363636363
0.12219996563340473
0.12219996563340473
0.023809523809523808
0.023809523809523808
0.023809523809523808
0.01645021645021645
0.011904761904761904
0.09635888528715805
0.023809523809523808
