0.8531271017918668
0.8531271017918668
0.8660254037844386
0.8660254037844386
0.7241880678472032
0.7712147880220311
0.7712147880220311
0.8660254037844386
0.8660254037844386
0.8660254037844386
0.8660254037844386
0.8531271017918668
0.8531271017918668
0.8531271017918668
0.8531271017918668
0.8531271017918668
0.8531271017918668
0.8660254037844386
0.8660254037844386
0.8084682282868448
0.8660254037844386
0.8531271017918668
0.8531271017918668
0.8660254037844386
0.8660254037844386
0.8531271017918668
0.8531271017918668
0.8660254037844386
0.8660254037844386
0.8200914748012226
0.8660254037844386
