0.09655255197864353
0.04230306856332836
0.12530191008709315
0.07402243592242165
0.10315543649876732
0.09735347595230028
0.07402243592242165
0.08716146268626178
0.09540407353423337
0.09539541055188888
0.0776625844844951
0.12530191008709315
0.12046914548985244
0.09581897562539801
0.09539541055188888
0.049313552691562804
0.09540407353423337
0.06037824311522821
0.09539541055188888
0.09539541055188888
0.08397225792623854
0.08499194966799842
0.08503083604561061
0.0970785830990141
0.025066028507204085
0.09539541055188888
0.09543005776280014
0.0776707015208921
0.08740254379925838
0.09540407353423337
0.07402243592242165
