0.07200941750488951
0.03636363636363636
0.023809523809523808
0.07200941750488951
0.09635888528715805
0.023809523809523808
0.07200941750488951
0.21573528946159204
0.01645021645021645
0.011904761904761904
0.07200941750488951
0.023809523809523808
0.01645021645021645
0.023809523809523808
0.011904761904761904
0.11818181818181818
0.01645021645021645
0.07200941750488951
0.011904761904761904
0.011904761904761904
0.12219996563340473
0.01645021645021645
0.020995670995670995
0.023809523809523808
0.05
0.011904761904761904
0.020995670995670995
0.07200941750488951
0.7071147200895262
0.01645021645021645
0.07200941750488951
