1.226994107698588
1.0934647409090794
1.0
1.443760067403937
1.067810288509385
1.2408463632302549
1.443760067403937
1.3611988865823852
1.179502895919571
1.178598623501905
1.4580411684882042
1.0
1.179502895919571
1.1866155498423334
1.178598623501905
1.095493942135438
1.179502895919571
1.4147543081926268
1.178598623501905
1.178598623501905
1.357179982370891
1.306154579941714
1.3071433947172686
1.19824631531345
1.0
1.178598623501905
1.1804891399469586
1.4580411684882042
1.0
1.179502895919571
1.443760067403937
