0.06645994678090314
0.047508178781757227
0.021324185069505844
0.06955486334232695
0.05180007107367096
0.07061349346420168
0.003657448868206274
0.0724883114149907
0.06511958748754078
0.0070805204132348525
0.04053176560671019
0.06974948377998551
0.06637192077094965
0.07005598661402108
0.0541112058149235
0.07004160475850242
0.0555413534808734
0.016051835282479027
0.0709729395267336
0.07089362290343616
0.0020074179024960424
0.06760588884468835
0.07058273874222537
0.015382402833371268
0.04663004908802763
0.06742790221875417
0.06834875957274619
0.0072857222022631955
0.06939642750106839
0.0709729395267336
0.0709729395267336
