1.0734873685835236
1.3629005268520895
1.3614815798838114
1.3592341619711608
1.3669774624021183
1.0734873685835233
1.0
1.3858545527733694
1.655601803090897
1.3665885119411225
1.291948307864466
1.3629005268520895
1.3651123510828902
1.3614815798838114
1.293932207231267
1.3651123510828918
1.3313396712425596
1.362900526861505
1.0
1.0762304667791853
1.1228961688738084
1.0734873685835233
1.291948307864466
1.3646898774484049
1.2931352095182667
1.3681262992515884
1.0753644481208677
1.3614815798838114
1.3629005268520895
1.0
1.0
