0.9947089947089947
0.9947089947089947
0.9735449735449735
0.9841269841269842
0.9576719576719577
0.9841269841269842
0.9841269841269842
0.6666666666666667
0.9682539682539683
0.9894179894179894
0.9682539682539683
0.6560846560846562
0.9682539682539683
0.9523809523809523
0.9682539682539683
0.9841269841269842
0.9894179894179894
0.9576719576719577
0.9841269841269842
0.9947089947089947
0.6666666666666667
0.9841269841269842
0.9841269841269842
0.9894179894179894
0.9682539682539683
0.9841269841269842
0.9947089947089947
0.6666666666666667
0.9947089947089947
0.9417989417989419
0.9047619047619048
