0.6915527094241021
0.6339060766935276
0.4972953770116595
0.6913312311653035
0.4581298956455845
0.6915527094241021
0.8267610316341051
0.8347675739066979
0.5922469876131142
0.6423946429445813
0.5922469876131142
0.4948856607457753
0.6237854236523653
0.8405785818003716
0.5922469876131142
0.6898893693192575
0.6371738451197411
0.4610764473488357
0.5059123862221819
0.6915527094241021
0.8347675739066979
0.6913312311653035
0.6913312311653035
0.6383146044989265
0.6423946429445813
0.6898893693192575
0.6339060766935276
0.8347675739066979
0.6915527094241021
0.6375048030270325
0.6381131467003974
