0.03131813604051184
0.005192333170279809
0.024166290857113294
3.6908318107946887E-9
5.486662678523443E-9
0.0031093357409630257
6.612541629621405E-10
0.0032412639648981933
3.6908318107946887E-9
0.03168117888825844
0.03160956275074266
0.03184156882170616
0.0032412639648981946
4.4194173827564966E-4
0.005399926165219335
0.003265538946834583
0.032014261135661595
5.486662678523443E-9
5.486662678523443E-9
0.028617900891132222
3.690831810794689E-9
0.03175777134263819
3.6908318107946887E-9
3.690831810794689E-9
0.0054466164224600145
0.006191840605976585
3.125000000481644E-4
3.12500000022066E-4
0.0032412639648981933
5.486662678523443E-9
0.04275908257455746
