0.8918044567884814
0.9427008442306191
0.8772915153376528
0.9300862710138261
0.9863070654063495
0.9278396868945711
0.9532822631058463
0.8806613947470397
0.9300862710138261
0.9323890171181826
0.8874011497494666
0.8874011497494666
0.8806613947470397
0.984262672882985
0.9844985643315036
0.9341750561214828
0.9447452367539836
0.9300862710138261
0.9300862710138261
0.7598288117452323
0.9300862710138261
0.9300862710138261
0.9300862710138261
0.9300862710138261
0.9350736880647172
0.9844985643315036
0.984262672882985
0.984262672882985
0.8806613947470397
0.9300862710138261
0.545448427714406
