0.22720804688770133
0.2331459248529015
0.23411153219922476
0.29080365179801443
0.2903073148967722
0.28928565351627245
0.23666384827370704
0.2364556977829048
0.29080365179801443
0.231877156626301
0.23185566304139107
0.23185566304139107
0.2364556977829048
0.28844785881748514
0.22837448797855667
0.2230645348345521
0.2330877421474662
0.29080365179801443
0.29080365179801443
0.20330140764287138
0.29080365179801443
0.23587798601278623
0.29080365179801443
0.29080365179801443
0.22897113243380737
0.22837448797855667
0.28844785881748514
0.28844785881748514
0.2364556977829048
0.29080365179801443
0.23310073656612632
