1.423426445435178
1.2734413370869808
1.254789097415344
1.0522350510663574
1.09857224626767
1.0637507093669891
1.3086780178278339
1.2582913160774567
1.0522350510663574
1.2637525333509982
1.2527769456371283
1.252776945637128
1.2582913160774567
1.1105617117771829
1.4965577210103977
1.4087905804295757
1.2675116141894005
1.0522350510663574
1.0522350510663574
1.483030300279077
1.0522350510663574
1.4813393785995745
1.0522350510663574
1.0522350510663574
1.4884038761801546
1.4965577210103973
1.1105617117771829
1.1105617117771858
1.2582913160774567
1.0522350510663574
1.375456184881731
