0.5485061620195089
0.5542346416769278
0.5442166071600837
0.5542346416769278
0.483701616889727
0.5442620322560635
0.5485061620195089
0.5501155945265926
0.4278465712707118
0.5442166071600837
0.3901572832552002
0.548990968186072
0.37385120342073996
0.5409176943400066
0.5442166071600837
0.5442166071600837
0.5542346416769278
0.5531988173451454
0.548990968186072
0.5522684955539149
0.5442166071600837
0.5442166071600837
0.5442166071600837
0.38898962908848517
0.380078914076417
0.38404308333154097
0.5542346416769278
0.5441166586001245
0.43546309041139586
0.4824606597990133
0.4857010074635429
