1.1682652637225193
1.1587184636148302
1.3232916461296726
1.1202755485808102
1.3178975961891963
1.3176346855189902
1.1682652637225193
1.1142345554228272
1.3632033385113689
1.2546249195911396
1.4839940173699764
1.1684003100453344
1.4569494144018291
1.3204129347652658
1.191567929436864
1.3171716006674634
1.1276511244958303
1.1647995604176207
1.1684003100453344
1.1707013170559795
1.322624395743935
1.3390057946303022
1.3232916461296729
1.3552557741365896
1.3227172226983746
1.4931244984430128
1.0639207120674996
1.2754651606334515
1.4826571747524517
1.3881869274887075
1.1475881325621022
