0.8531271017918668
0.8660254037844386
0.8660254037844386
0.8660254037844386
0.8660254037844386
0.5918514551248941
0.8660254037844386
0.8660254037844386
0.8531271017918668
0.8531271017918668
0.8660254037844386
0.8531271017918668
0.8660254037844386
0.8660254037844386
0.8141345313608418
0.8531271017918668
0.8531271017918668
0.8660254037844386
0.8531271017918668
0.8660254037844386
0.8531271017918668
0.6169249698986629
0.8531271017918668
0.7609521281126116
0.8531271017918668
0.8531271017918668
0.8660254037844386
0.8531271017918668
0.8660254037844386
0.8531271017918668
0.8660254037844386
