0.15040650406504066
0.11892642295233688
0.15502082369273484
0.14113836186950485
0.14160111059694586
0.15178158260064784
0.13373438223044887
0.14900509023600186
0.14021286441462286
0.12601626016260162
0.13234613604812587
0.13188338732068486
0.1263304025913929
0.13188338732068486
0.11522443313280889
0.13651087459509487
0.13142063859324388
0.11800092549745488
0.1989819527996298
0.17121702915316983
0.11661267931513189
0.10975609756097561
0.14391485423415085
0.11429893567792689
0.12818139750115687
0.18699186991869918
0.21544715447154472
0.15085608514576584
0.09116149930587691
0.1016260162601626
0.09717723276260991
