0.40439964539193424
0.39834800121124747
0.49297201030509946
0.406105832735478
0.4047213073670923
0.4550984863626024
0.4760651653800679
0.5001309404117624
0.40833083699579675
0.45622641290878124
0.3771479479432241
0.5322588981263916
0.40629922179258854
0.4531163447689137
0.4082550248869741
0.3792020935559148
0.43951616608332184
0.44774201991141777
0.3571083252507891
0.4019702059571737
0.4765076472129402
0.4657713893548067
0.407936259817709
0.4081712879241213
0.4284676168111647
0.5008158488075357
0.37702243369781935
0.41931079984804415
0.47887429571418355
0.4955518559795231
0.4907166916217897
