0.1030743759449171
0.0766611623515176
0.09767946571665559
0.09849521035822613
0.10744555034166116
0.1012836273624737
0.07610747116765723
0.10894558569237572
0.08795287233267508
0.0900458944298843
0.10673007913620708
0.0873984654301384
0.09084681320871502
0.106464774229706
0.07563025600159376
0.11073093801750816
0.10300486031964584
0.1002959104826448
0.17904446147278086
0.1454439844685718
0.0978407268524877
0.08559436105589728
0.09147144102924394
0.0915631883783372
0.08506684601229096
0.10794902850992043
0.15310582594683533
0.09183657598649846
0.07027856300022621
0.07768034521532934
0.07049505710596381
