0.4066733633555678
0.5898146371560893
0.3572664717854953
0.45590155114878306
0.3935809603352859
0.6290636298311154
0.7451383167232876
0.6773757256313886
0.506153053201055
0.6047561539937473
0.5942257988058827
0.5243827195328871
0.6573326862375518
0.5905689552036659
0.4488173572156824
0.5632272773444995
0.595318713483294
0.628773941603368
0.5601893131379255
0.4596938334029337
0.6037008611640953
0.6333374717365869
0.5298247198112888
0.3722625403024044
0.5774013084878651
0.6149742478452086
0.49413851611908066
0.5890170539835894
0.5331091071206872
0.5200091797308533
0.7522582514117598
