0.41282426357488844
0.36107873067815327
0.3863079831420176
0.38391462693656525
0.3692444409507459
0.36039963373184003
0.35171989858461
0.3515082884549125
0.34820292320736973
0.4148780591185967
0.3883104321919461
0.3529213004276515
0.3544613627738593
0.340663184342287
0.35821711649246296
0.34092026792714014
0.3492632308834866
0.3799497715714919
0.3404382108784448
0.4209223430065185
0.34871304209446347
0.3468889234685401
0.3690966750487344
0.36773097444054903
0.3468508010000808
0.35974352798648596
0.3525975474531234
0.3671462726140553
0.35972719768121486
0.37284156980449384
0.39523739392444474
