1.2355617784590507
1.3863473958090933
1.244360077126035
1.4204414666380725
1.2816503069708682
1.39281593075401
1.5196597043284945
1.1432755636136713
1.388813446382702
1.4328653559869293
1.2811745148865252
1.4054814418471786
1.4267922978616847
1.2452302263142252
1.1044514956520823
1.1411831947908724
1.1974390330806277
1.148981906506946
1.1671558576528196
1.5456692549139293
1.3499765987345924
1.17952094179454
1.183913724457353
1.158746448861961
1.2262339566422058
1.0906256154577194
1.1232158997765083
1.2294426292270932
1.593723850946458
1.166698229468767
1.1668414980258544
