0.8660254037844386
0.8660254037844386
0.8660254037844386
0.8660254037844386
0.8660254037844386
0.8660254037844386
0.8660254037844386
0.8660254037844386
0.8531271017918668
0.8531271017918668
0.7241880678472032
0.8660254037844386
0.8660254037844386
0.8531271017918668
0.8531271017918668
0.8660254037844386
0.7260526992067875
0.8470832468191329
0.7260526992067875
0.8660254037844386
0.8660254037844386
0.8660254037844386
0.8531271017918668
0.8660254037844386
0.8660254037844386
0.8531271017918668
0.8531271017918668
0.8531271017918668
0.8531271017918668
0.8660254037844386
0.8660254037844386
