0.04932193335506366
0.1608331708851938
0.07556594458161005
0.11211908364640363
0.1446146832868626
0.040618534135664255
0.1131714853635773
0.06761146165486943
0.05205002059813274
0.07852941319056778
0.11946950376508371
0.11633166549459842
0.07182711867320675
0.0823868276157173
0.06483106795276554
0.1585527651571247
0.1108488843801449
0.1456453716267844
0.15536573196941292
0.15564413738774513
0.04932193335506366
0.09324778391994121
0.05241918710117406
0.04524367077802093
0.11503371361588569
0.05326458237918496
0.07239517425308904
0.05359105632754613
0.11637018049455193
0.05718544849956455
0.06012740641385078
