0.47267938034258333
0.5284188774423504
0.39129410655308494
0.4021667274076077
0.4021667274076077
0.3896895353309709
0.4021667274076077
0.47019991210284184
0.3880765167508951
0.47019991210284184
0.34693056147090995
0.6437661117905955
0.4038043263097462
0.38030046705538517
0.47019991210284184
0.4431421184823803
0.3932356779721319
0.5476499879023045
0.4414214987414787
0.37382375871502577
0.47267938034258333
0.47019991210284184
0.4668067643273158
0.3896895353309709
0.35621448231032105
0.38503906321427567
0.4021667274076077
0.38569646839326194
0.3932356779721319
0.3597107498215192
0.47019991210284184
