0.12000000000000002
0.6030848225916401
0.08275862068965517
0.03103448275862069
0.03103448275862069
0.1280769046596533
0.03103448275862069
0.12000000000000002
0.020689655172413793
0.12000000000000002
0.03103448275862069
0.15075767016449385
0.020689655172413793
0.12413793103448276
0.12000000000000002
0.06206896551724138
0.020689655172413793
0.06206896551724138
0.10344827586206898
0.0
0.12000000000000002
0.12000000000000002
0.138415788414775
0.1280769046596533
0.0
0.14435659406696902
0.03103448275862069
0.1329769147627595
0.020689655172413793
0.16476642733135746
0.12000000000000002
