1.0
1.2376711161772769
1.2367541775506747
1.3450814761492653
1.360976353656997
1.3295984283605864
1.3450814761492655
1.2129231712328647
1.3557009108809923
1.2129231712328647
1.4931117795283095
1.0954598152820847
1.2994846201375736
1.3845151466296115
1.2129231712328647
1.5296433349143659
1.3703847496557042
1.1884049565886492
1.5045044253708844
1.590194535759979
1.0
1.2129231712328647
1.212839175339724
1.3131006109172694
1.4385454771592527
1.304327610328962
1.3166120316638026
1.3070517301186422
1.3703847496557042
1.449667955051516
1.2129231712328647
