0.140625
0.07692304024329555
0.06542056074766354
0.09375
0.171875
0.384615421295166
0.09375
0.384615421295166
0.06542056074766354
0.06542056074766354
0.4672897196261682
0.06542056074766354
0.06542056074766354
0.07692304024329555
0.384615421295166
0.07692304024329555
0.06542056074766354
1.0
0.06542056074766354
0.06542056074766354
0.384615421295166
0.06542056074766354
0.384615421295166
0.9230769219306799
0.384615421295166
0.07692304024329555
0.140625
0.4615384707084069
1.0
0.07692304024329555
0.06542056074766354
