1.5561913286667996E-9
5.1873044369410886E-9
0.03188046510204652
0.04538199945642604
0.05664578321611087
0.056101953565498734
0.02864288579805575
0.0634949087226149
0.015878885671320755
7.780956643334E-9
0.049812833077936415
0.034068250142483485
5.741293925154586E-9
0.02490852935054483
0.05407622802293372
5.1873044369410886E-9
0.002576941016020567
0.055106305280401495
0.031880465102046514
7.780956643334E-9
0.06365159313554689
0.02049955325378465
0.03855822688467236
0.045838394583836845
0.06132326504000208
5.1873044369410886E-9
7.780956643334E-9
0.06909661871187472
0.054795302665071634
5.1873044369410886E-9
7.694015851743879E-9
