0.8834134615384615
0.8626887474361724
0.9350736880647172
0.8537023724943914
0.835572430112926
0.4126415114265972
0.9323890171181826
0.5153778454348763
0.8806613947470397
0.8761682242990654
0.42371719573456373
0.8885244423614602
0.9300862710138261
0.8960280696761685
0.5134570150683673
0.8626887474361724
0.984262672882985
0.0
0.9350736880647172
0.8761682242990654
0.5140972918572037
0.8806613947470397
0.5515366316472377
0.07189072716758886
0.512176461395286
0.8626887474361724
0.859375
0.3657328299016408
0.0
0.8626887474361724
0.9300862710138261
