0.059895833333333336
0.05738400527634364
0.04160793806443154
0.062000086598105124
0.09635416666666667
0.338349722690753
0.050303223894993275
0.2755353314852394
0.047303031522375465
0.047303031522375465
0.39923183908528886
0.047303031522375465
0.03688636485570879
0.05738400527634364
0.2755353314852394
0.05738400527634364
0.031191271397764873
0.7227123299193062
0.04160793806443154
0.047303031522375465
0.2755353314852394
0.047303031522375465
0.25739390355181246
0.6557642497470227
0.2755353314852394
0.05738400527634364
0.0703125
0.37381135263866994
0.7214494594796221
0.05738400527634364
0.03688636485570879
