0.06869323220236215
0.04523608364339976
0.015166887903893887
0.058350345905392106
0.07042126089622486
0.05750605355173791
0.06631347833301043
0.07080520413234848
0.05620173999303914
0.05731826808804701
0.0709729395267336
0.038443900058457776
0.035270148246404315
0.07080520413234848
0.07075270527132146
0.05733480459190507
0.07054947414085115
0.05739909542244525
0.05621496156760927
0.07057560185145025
0.07058768983682555
0.05780573296483066
0.04582759273218841
0.04197143215761711
0.06846925774511743
0.046100272670434865
0.05755333898464412
0.06841460997843807
0.007460697751751963
0.056216817818056375
0.009003153761080615
