0.4639973604861449
0.4958957592506778
0.5530936675517877
0.7784038873177664
0.7784038873177664
0.5000743107680405
0.5000743107680405
0.8625860518171717
0.48965593127673107
0.5000743107680405
0.8606885499550817
0.4958957592506778
0.5000743107680405
0.8625860518171717
0.8636623206107849
0.7784038873177664
0.7784038873177664
0.5530936675517877
0.46409745302120875
0.5000743107680405
0.4682423442914731
0.7784038873177664
0.5000743107680405
0.4940189235136001
0.7784038873177664
0.5000743107680405
0.5000743107680405
0.5000743107680405
0.4958957592506778
0.4958957592506778
0.4958957592506778
