1.5689564058981003
1.3669774624021183
1.293932207231267
1.0734873685835236
1.0734873685835236
1.3614815798838114
1.3676220977860971
1.0
1.5971367322843582
1.359234161971161
1.0
1.3669774624021183
1.3629005268520895
1.0
1.0
1.0734873685835233
1.0734873685835236
1.2935511648284483
1.6390739738771463
1.3651123510828922
1.6359628566027355
1.0734873685835233
1.3629005268520895
1.3635239169800373
1.0734873685835236
1.3629005268520895
1.3682788196209767
1.3651123510828913
1.3368437637850072
1.3669774624021183
1.3616999586891416
