0.06542056074766354
0.384615421295166
0.171875
0.06542056074766354
0.06542056074766354
0.06542056074766354
0.06542056074766354
0.06542056074766354
0.06542056074766354
0.06542056074766354
0.06542056074766354
0.06542056074766354
0.5384615201216478
0.09375
0.06542056074766354
0.06542056074766354
0.06542056074766354
0.06542056074766354
0.4615384707084069
0.06542056074766354
0.384615421295166
0.09375
0.06542056074766354
0.06542056074766354
0.06542056074766354
0.09375
0.171875
0.06542056074766354
0.06542056074766354
0.06542056074766354
0.4672897196261682
