0.8885244423614602
0.4312769347824569
0.8641826923076923
0.9300862710138261
0.9300862710138261
0.8885244423614602
0.9348377966161986
0.8806613947470397
0.8885244423614602
0.8874011497494666
0.9300862710138261
0.9300862710138261
0.3360891566641286
0.8761682227256592
0.8874011497494666
0.984262672882985
0.9300862710138261
0.9305805176167429
0.5513457182559133
0.9844985643315036
0.563533395598425
0.9324676476010221
0.9300862710138261
0.8885244423614602
0.9300862710138261
0.9335123097301762
0.8317307692844994
0.9300862710138261
0.9300862710138261
0.8885244423614602
0.35569059608958115
