0.23370563184461532
0.24718090214038457
0.2406173115278358
0.29080365179801443
0.29080365179801443
0.23370563184461532
0.23590251574246582
0.2364556977829048
0.23370563184461532
0.23185566304139107
0.29080365179801443
0.29080365179801443
0.2708191347107491
0.2322647963793499
0.23185566304139107
0.28844785881748514
0.29080365179801443
0.22897113243380737
0.24945039478730505
0.22837448797855667
0.27275307798776854
0.22722998008902548
0.29080365179801443
0.23370563184461532
0.29080365179801443
0.23372695530602774
0.23303029924670168
0.29080365179801443
0.29080365179801443
0.23370563184461532
0.2760791470403838
