0.047303031522375465
0.3381355969162758
0.08072916666666667
0.03688636485570879
0.03688636485570879
0.047303031522375465
0.04160793806443154
0.047303031522375465
0.047303031522375465
0.047303031522375465
0.03688636485570879
0.03688636485570879
0.42899448917511834
0.06169341081088112
0.047303031522375465
0.031191271397764873
0.03688636485570879
0.04160793806443154
0.3454887502906738
0.031191271397764873
0.25859610799637345
0.050303223894993275
0.03688636485570879
0.047303031522375465
0.03688636485570879
0.050303223894993275
0.09635416666666667
0.03688636485570879
0.03688636485570879
0.047303031522375465
0.4456579370261739
