1.2421434540366498
1.1771416722181764
1.2072000022964553
1.0511360598804484
1.0511360598804484
1.2421434540366498
1.2672776132154637
1.2528570363367129
1.2421434540366498
1.241916496844991
1.0511360598804484
1.0511360598804484
1.3349181034695239
1.2436147560163784
1.241916496844991
1.1058114771143601
1.0511360598804484
1.474884995890653
1.2802639835019085
1.463867943458699
1.0562602105528793
1.4336438960054685
1.0511360598804484
1.2421434540366498
1.0511360598804484
1.2465968394005882
1.2536884114946885
1.0511360598804484
1.0511360598804484
1.2421434540366498
1.347522965861511
