0.896551724137931
0.9137931034482758
1.0
0.9137931034482758
0.9655172413793104
0.9137931034482758
0.9137931034482758
0.9655172413793104
1.0
0.9482758620689655
0.9137931034482758
0.9482758620689655
0.8620689655172413
0.7586206896551724
0.9137931034482758
0.8103448275862069
0.7931034482758621
0.8275862068965517
0.9310344827586207
0.9827586206896551
0.9655172413793104
0.7586206896551724
0.9310344827586207
0.9482758620689655
0.9827586206896551
0.9827586206896551
0.9482758620689655
0.9655172413793104
0.9827586206896551
0.9137931034482758
0.7413793103448276
