0.4892573663331969
0.49069825761233477
0.5000743107680405
0.8606885499550817
0.7784038873177664
0.49069825761233477
0.7751030820299872
0.5530936675517877
0.4682423442914731
0.464317580647807
0.49069825761233477
0.7772095628195398
0.8584839248507281
0.7703424401196108
0.7751030820299872
0.484295582937522
0.7707282305524319
0.7714992326714105
0.549859457643141
0.5549046268679141
0.8636623206107849
0.7703424401196108
0.4922859150092839
0.7772095628195398
0.49791479579978104
0.49791479579978104
0.46021808406663256
0.46409745302120875
0.46822250470800925
0.7751030820299872
0.8563604095301823
