0.4868847143483347
0.4862557635348759
0.48486986668704113
0.4868847143483347
0.561012153381677
0.4868847143483347
0.4862557635348759
0.44831597938638673
0.7655437682802724
0.48296992105710107
0.4959322532385749
0.883153230911587
0.48621327137053294
0.883153230911587
0.7634898593203387
0.4868847143483347
0.883153230911587
0.883153230911587
0.48296992105710107
0.48486986668704113
0.8817952909007277
0.5760957397131915
0.883153230911587
0.5760957397131915
0.48812175672578545
0.7655437682802724
0.5746234301171995
0.4863407367257901
0.7655437682802724
0.5746234301171995
0.883153230911587
