0.07200941750488951
0.09635888528715805
0.07200941750488951
0.07200941750488951
0.14863766850017912
0.07200941750488951
0.09635888528715805
0.2681818181818182
0.09635888528715805
0.07200941750488951
0.011904761904761904
0.023809523809523808
0.18636363636363634
0.023809523809523808
0.14863766850017912
0.07200941750488951
0.023809523809523808
0.023809523809523808
0.07200941750488951
0.07200941750488951
0.023809523809523808
0.011904761904761904
0.023809523809523808
0.011904761904761904
0.11818181818181818
0.09635888528715805
0.01645021645021645
0.19999999999999998
0.09635888528715805
0.01645021645021645
0.023809523809523808
