0.1420815037721005
0.15634719294719596
0.1300258837067377
0.12263670510031562
0.1565362617986063
0.15634719294719596
0.13989235062548666
0.14894545863170294
0.11988148296122311
0.12840680000361474
0.12939557505429314
0.1424655877654365
0.1163526133139891
0.15634719294719596
0.11889192985500804
0.13989235062548666
0.12207791764054451
0.156410241291736
0.12972486996629815
0.13160042928698146
0.14027763585150343
0.13989235062548666
0.15634719294719596
0.14154406512190418
0.15647326423197813
0.12543864365166504
0.12504030592299512
0.12968281435397744
0.156410241291736
0.15634719294719596
0.13282403749251864
