0.6859999037731859
0.8347675739066979
0.675746813937059
0.5059123862221819
0.8267610316341051
0.8347675739066979
0.6913312311653035
0.6915527094241021
0.4948856607457753
0.6915527094241021
0.6234298921456256
0.6339060766935276
0.5922469876131142
0.8347675739066979
0.4581298956455845
0.6913312311653035
0.6237380837373456
0.8267610316341051
0.6234298921456256
0.6781808733549509
0.6278998159509188
0.6913312311653035
0.8347675739066979
0.6915527094241021
0.8267610316341051
0.6915527094241021
0.6898893693192575
0.6234298921456256
0.8267610316341051
0.8347675739066979
0.6387851300626688
