0.16427579824155483
0.13975011568718185
0.16890328551596484
0.14206385932438687
0.13558537714021288
0.0879222582137899
0.06910569105691057
0.15733456732993983
0.09717723276260991
0.11614993058769088
0.1991869918699187
0.11382113821138211
0.16658954187875982
0.14634146341463414
0.21951219512195122
0.16666666666666666
0.14900509023600186
0.14252660805182785
0.13836186950485888
0.20546043498380379
0.12355391022674687
0.1004164738546969
0.13049514113836186
0.11429893567792689
0.13651087459509487
0.15040650406504066
0.16705229060620083
0.18292682926829268
0.15455807496529383
0.17073170731707318
0.13836186950485888
