0.11077398051966997
0.09114272483194541
0.1127684178534214
0.09510612423927756
0.07986271758457993
0.07015813643147746
0.0542534316226618
0.09725550484132722
0.07368214946267489
0.09261463773535633
0.15766624827841955
0.07285883328896449
0.10307728450752253
0.0842590390445898
0.16330311119205393
0.13167658528475298
0.09060169276752866
0.08537519460241932
0.08262612341481887
0.1639361657558016
0.09527743276300776
0.07238985622886179
0.08401513052079441
0.0700561210375644
0.08339480821699534
0.10668135768820829
0.12310523965163161
0.13474079519875945
0.09344821353519665
0.10686816427941226
0.08788278832212139
