0.004029243737796279
3.6908318107946887E-9
3.6908318107946887E-9
3.1250000004735725E-4
0.03156332099844173
0.0241642702670823
5.486662678523443E-9
5.486662678523443E-9
0.005100945349818427
0.004412711238746193
0.031563320998441724
0.007269036555136501
5.486662678523443E-9
3.1250000004816536E-4
3.6908318107946887E-9
0.0040443634123395154
3.667978143440106E-9
3.736119784644672E-9
3.6908318107946887E-9
0.004029243737796279
5.41265877393082E-4
0.04946919822167013
0.0031436435251620608
0.003093592167696008
5.412658773930823E-4
0.004080422056732677
0.004366025894711747
3.758559144144604E-9
3.125000000481644E-4
6.612541629621405E-10
0.0025537680310832645
