0.9323890171181826
0.9300862710138261
0.9300862710138261
0.984262672882985
0.8761682227256592
0.8885244423614602
0.9300862710138261
0.9300862710138261
0.9324676476010221
0.9844985643315036
0.8761682227256592
0.9303446261682242
0.9300862710138261
0.9840604812870944
0.9300862710138261
0.8885244423614602
0.8626887474361724
0.9300862710138261
0.9300862710138261
0.9323890171181826
0.984262672882985
0.8488834468068021
0.9844985643315036
0.9840604812870944
0.984262672882985
0.9335123097301762
0.9844985643315036
0.9863070654063495
0.984262672882985
0.982263214741569
0.9627965494379732
