0.231877156626301
0.29080365179801443
0.29080365179801443
0.28844785881748514
0.2322647963793499
0.23370563184461532
0.29080365179801443
0.29080365179801443
0.22722998008902548
0.22837448797855667
0.2322647963793499
0.2060889311243965
0.29080365179801443
0.28897451350991854
0.29080365179801443
0.23370563184461532
0.29230058908819434
0.29080365179801443
0.29080365179801443
0.231877156626301
0.28844785881748514
0.21374175568298479
0.22837448797855667
0.28897451350991854
0.28844785881748514
0.23372695530602774
0.22837448797855667
0.2903073148967722
0.28844785881748514
0.23674898320308035
0.24282144825842641
