0.050303223894993275
0.03688636485570879
0.03688636485570879
0.031191271397764873
0.06169341081088112
0.047303031522375465
0.03688636485570879
0.03688636485570879
0.050303223894993275
0.031191271397764873
0.06169341081088112
0.04160793806443154
0.03688636485570879
0.032455035888925225
0.03688636485570879
0.047303031522375465
0.05738400527634364
0.03688636485570879
0.03688636485570879
0.050303223894993275
0.031191271397764873
0.09635416666666667
0.031191271397764873
0.032455035888925225
0.031191271397764873
0.050303223894993275
0.031191271397764873
0.025496177939820952
0.031191271397764873
0.029650542596141152
0.03688636485570879
