0.34959349593495936
0.2764227642276423
0.11382113821138211
0.2601626016260163
0.12601626016260162
0.2073170731707317
0.3902439024390244
0.12601626016260162
0.15409532623785285
0.22764227642276422
0.0999537251272559
0.3861788617886179
0.2926829268292683
0.18699186991869918
0.25609756097560976
0.3048780487804878
0.516260162601626
0.22764227642276422
0.21951219512195122
0.45121951219512196
0.1975937066173068
0.3861788617886179
0.1948172142526608
0.23170731707317074
0.508130081300813
0.16520129569643682
0.2926829268292683
0.2682926829268293
0.23170731707317074
0.21138211382113822
0.3780487804878049
