0.037335496858730936
0.030088694610972036
0.03554354113283745
0.04322885022240031
0.03951365221074027
0.035399864700961736
0.032100373806383066
0.02817309140366781
0.03829620452824551
0.022684060894429856
0.032502455663136
0.0338256741943846
0.027432824615920445
0.03477096822472511
0.027964745922274506
0.030299353082989096
0.038252433632694365
0.02987169325870487
0.04610827066664167
0.03721969121686528
0.02646036120490474
0.04291221727318894
0.04022986305881518
0.03501219837880746
0.03349661379280241
0.04223835932833672
0.03975269050741647
0.032121198652225874
0.017194970749771457
0.016487697449685687
0.03484385411752193
