0.5718708968672287
0.6198011309127437
0.7965297607626701
0.6170020654394419
0.7751699566972532
0.649259037708378
0.4977370458572702
0.7871148933608726
0.7888360928958666
0.6720578774505931
0.8575260625350353
0.4802466488339108
0.608142120292096
0.6960982381688694
0.6337456687847767
0.5880069073712486
0.4031538394976731
0.6108095092982396
0.6631866457489193
0.47488177334341597
0.6605568785905351
0.5400954842496134
0.7357930497398448
0.6150607780950553
0.4194986512567578
0.7431744562702453
0.5744291825148701
0.6308055213823772
0.652035530073024
0.7021290203647063
0.5085552081804946
