0.3920386359250061
0.3871845229607335
0.3990932366345547
0.4025393174411122
0.46802500718029494
0.4407114374151882
0.39450363524990356
0.38928932633632257
0.40897200913375875
0.3477407680138416
0.440499686998979
0.39857868422172066
0.36750648566686345
0.34659692155086347
0.38354770566186697
0.4081978614601116
0.3710606502573022
0.404463926056634
0.4135240024625286
0.364041459196432
0.3368579043911603
0.4183660936677453
0.4277452961739765
0.41260873783080054
0.3862635769603491
0.3922659269058932
0.4083461089559391
0.4082364921341293
0.35697578959277476
0.34846364782030603
0.39893274687656755
