1.318723453650737
1.5321625147272468
1.4678426483973828
1.4977424995453634
1.4349934675181912
1.4719874429195043
1.5640505199442005
1.394246992955974
1.5385203223882902
1.4593900836464748
1.4378956841255568
1.4935104250045845
1.402631262640968
1.3778968994686531
1.39620896557295
1.4806912821132734
1.2371358671865118
1.5265418323527815
1.2671291705617216
1.4069383255105414
1.2866564480646625
1.439392261550334
1.464911221294015
1.5605790577948844
1.4050462547949463
1.5357913247915136
1.5089690814640495
1.4949944311139474
1.459803817443015
1.5289738017601486
1.245415595816838
