0.13672998817613
0.07296551936808618
0.04371678195834395
0.10251332545011944
0.16997069826220595
0.10932129359549116
0.17153696631293192
0.05424538674828552
0.07296551936808618
0.11985900207044299
0.1355084948621349
0.17720366063642115
0.17720366063642115
0.16047740361370993
0.07071067864549035
0.1443030176526344
0.07071067864549035
0.08313088400924594
0.14195470330349305
0.17720366063642115
0.11019751484684505
0.13490948339063066
0.0793465049205121
0.17720366063642115
0.10251332545011944
0.07071067864549035
0.13492173469775293
0.09804665655055808
0.11019751484684505
0.13492173469775293
0.03967325222550781
