0.9904761904761905
0.8
0.7454545454545455
0.8874458874458874
0.9523809523809523
0.8484848484848484
0.8138528138528137
0.6363636363636364
0.8
0.9965367965367965
0.9904761904761905
0.9523809523809523
0.9523809523809523
0.9523809523809523
0.9272727272727272
0.9523809523809523
0.9272727272727272
0.6181818181818182
0.8138528138528137
0.9523809523809523
0.8865800865800866
0.9965367965367965
0.6727272727272727
0.9523809523809523
0.8874458874458874
0.9272727272727272
0.9956709956709957
0.8008658008658008
0.8865800865800866
0.9956709956709957
0.8
