0.568768732934242
0.568768732934242
0.4862557635348759
0.48486986668704113
0.7747723131254867
0.4868847143483347
0.7655437682802724
0.48854485211653065
0.568768732934242
0.4959322532385749
0.568768732934242
0.883153230911587
0.883153230911587
0.7747723131254867
0.5760957397131915
0.7747723131254867
0.5760957397131915
0.570582147693128
0.7655437682802724
0.883153230911587
0.4781127634742964
0.5760957397131915
0.5685143932789002
0.883153230911587
0.48486986668704113
0.5760957397131915
0.5746234301171995
0.42076232766425226
0.4781127634742964
0.5746234301171995
0.48740165166956906
