0.023809523809523808
0.13181818181818183
0.1727272727272727
0.07200941750488951
0.023809523809523808
0.07200941750488951
0.09635888528715805
0.2545454545454545
0.13181818181818183
0.011904761904761904
0.023809523809523808
0.023809523809523808
0.023809523809523808
0.023809523809523808
0.03636363636363636
0.023809523809523808
0.03636363636363636
0.2681818181818182
0.09635888528715805
0.023809523809523808
0.07200941750488951
0.011904761904761904
0.22727272727272727
0.023809523809523808
0.07200941750488951
0.03636363636363636
0.01645021645021645
0.13181818181818183
0.07200941750488951
0.01645021645021645
0.13181818181818183
