0.05048166007238233
0.030849278605178526
0.06228474151916469
0.04952218065273686
0.06470938904617009
0.04970653416986796
0.02126102744060959
0.04263109290398857
0.03806056535248428
0.03486833009231092
0.05746159201297609
0.03821387012196299
0.053439400257524465
0.03959809682448803
0.05456564322710939
0.0560543221751299
0.04306942665585362
0.05716503786902973
0.04413117301129042
0.06119902144279069
0.0708184921148359
0.05016181018721602
0.0534474377170945
0.0368257214294736
0.06814928449111045
0.0648294708762394
0.06739585591917166
0.04774850527071559
0.02668061853902538
0.05094784583211068
0.04610769733255826
