0.01745626753850778
0.023823554481930194
0.06112184777722093
0.04476666809287336
0.038148334117730456
0.042485733322567415
0.0764726650729709
0.054907378807915574
0.0776507219976849
0.06411239994335173
0.08071660421543651
0.01252799911499024
0.09858833120976555
0.03643706734071839
0.04331177896163199
0.0364532023038864
0.06502533087147606
0.06516999673742718
0.05122179997730255
0.005324777554406057
0.012466666852434473
0.056053687301423814
0.05954044145075478
0.055633664541297485
0.021702222755220203
0.03685555446426073
0.04406515358134111
0.03268888890213437
0.06082017774073282
0.03770115475991038
0.0525637761481603
