0.6157868687428398
0.6140656529593636
0.5673983025994992
0.5732960230900269
0.6122448880025603
0.5800394203557777
0.6508050515822942
0.5742522293399622
0.5401418869971611
0.590150192101181
0.5560364846190211
0.6721443426374241
0.5382732752222565
0.5790760471196499
0.5980260612145438
0.6083179896407992
0.5649430784518915
0.5635597715257352
0.6040201244854233
0.6932635021092431
0.6893219789512798
0.5673600805621968
0.5733949706368353
0.5477549402689402
0.6472538815198975
0.5913179754314991
0.6076883041687072
0.5950061839176821
0.6293513609188575
0.5614353893635335
0.5383142767644259
