1.230343848883446
1.011056994219158
1.0467992744306611
1.081148483182344
1.3762957873093224
1.2206043716755492
1.3139869242871693
1.1682606416630266
1.0453636686173864
1.455611390082914
1.2432373516733102
1.3542209241859757
1.1797342316461417
1.114511667159765
1.415914202643719
1.3978206404724038
1.1320618620261858
1.1251536667991127
1.5413438279478366
1.3268309538374174
1.3451922822149132
1.1667730545624175
1.274127419329479
1.0833911034464916
1.3461011526919844
1.2648777096317452
1.3500170874067368
1.4478779428594701
1.5972503279316512
1.0822321243239956
1.0513925467114345
