0.8660254037844386
0.8660254037844386
0.8660254037844386
0.7502172046787359
0.8531271017918668
0.7099520521081922
0.8660254037844386
0.8660254037844386
0.8470832468191329
0.8531271017918668
0.8660254037844386
0.8531271017918668
0.8660254037844386
0.8660254037844386
0.8660254037844386
0.8531271017918668
0.8470832468191329
0.8084682282868448
0.8660254037844386
0.8531271017918668
0.8200914748012226
0.8660254037844386
0.8660254037844386
0.8531271017918668
0.8531271017918668
0.8531271017918668
0.8660254037844386
0.8660254037844386
0.8531271017918668
0.8660254037844386
0.8531271017918668
