0.7099520521081922
0.8660254037844386
0.8660254037844386
0.7241880678472032
0.8660254037844386
0.8531271017918668
0.7712147880220311
0.8660254037844386
0.7477147042887915
0.7189263238828015
0.8660254037844386
0.7712147880220311
0.8660254037844386
0.8470832468191329
0.8470832468191329
0.652047899693976
0.7666909661254158
0.8531271017918668
0.8660254037844386
0.8531271017918668
0.8531271017918668
0.8660254037844386
0.6394900204619294
0.6819364044839854
0.8531271017918668
0.8084682282868448
0.8531271017918668
0.8470832468191329
0.8531271017918668
0.8531271017918668
0.7099520521081922
