0.9345911949685535
0.7088050314465408
0.6981132075471699
0.679874213836478
0.9867924528301887
0.9056603773584906
0.8490566037735849
0.9213836477987422
0.8867924528301887
0.6654088050314465
0.9345911949685535
0.9056603773584906
0.9245283018867925
0.9779874213836478
0.7232704402515723
0.8679245283018868
0.679874213836478
0.8779874213836478
0.6654088050314465
0.7666666666666666
0.9691823899371069
0.9779874213836478
0.8113207547169812
0.9433962264150944
0.8679245283018868
0.7232704402515723
0.6220125786163522
0.8301886792452831
0.9345911949685535
0.9867924528301887
0.9867924528301887
