0.37385120342073996
0.4857010074635429
0.6705727079427074
0.37342550666322066
0.5442166071600837
0.3831149862675507
0.5501155945265926
0.380078914076417
0.43929443303430626
0.5416284127435391
0.37385120342073996
0.3831149862675507
0.5531988173451454
0.3901572832552002
0.5451951636155757
0.4378538845679218
0.483701616889727
0.483701616889727
0.4828831600243033
0.548990968186072
0.3879714211017584
0.3901572832552002
0.6706611833329982
0.5542346416769278
0.4930663422299226
0.5451951636155757
0.6632104878729521
0.5496120375125266
0.37385120342073996
0.5442166071600837
0.5442166071600837
