1.2437764040258488
1.0718255563012753
1.0
1.298022989945086
1.2689569156877107
1.3921861674925966
1.115017923114064
1.3463467669760412
1.221512888579197
1.1218737090003814
1.3711797821358636
1.3836154530863396
1.1120548124802576
1.326685578923387
1.1510310697670862
1.1439286898158112
1.0749459002818011
1.2408744124102908
1.0752750110123355
1.0
1.3451178305308387
1.3887898831442633
1.0
1.1202695948357537
1.0
1.1183431404973028
1.0564385030718706
1.11354074435015
1.4107405462563176
1.2689569156877107
1.2689569156877107
