0.047619047619047616
0.047619047619047616
0.047619047619047616
0.2
1.0
0.18181818181818182
0.047619047619047616
0.047619047619047616
0.21818181818181817
0.047619047619047616
0.047619047619047616
0.07272727272727272
0.047619047619047616
0.10909090909090909
0.047619047619047616
0.10909090909090909
0.07272727272727272
0.047619047619047616
1.0
0.047619047619047616
0.047619047619047616
0.047619047619047616
0.9523809523809523
0.18181818181818182
0.047619047619047616
0.047619047619047616
0.047619047619047616
0.18181818181818182
0.047619047619047616
0.09090909090909091
0.047619047619047616
