0.9523809523809523
0.9523809523809523
0.9948051948051948
0.8
0.0
0.8147186147186147
0.9523809523809523
0.9523809523809523
0.7445887445887446
0.9523809523809523
0.9965367965367965
0.9272727272727272
0.9523809523809523
0.8865800865800866
0.9523809523809523
0.8484848484848484
0.9272727272727272
0.9965367965367965
0.0
0.9523809523809523
0.9523809523809523
0.9523809523809523
0.036363636363636404
0.8181818181818181
0.9965367965367965
0.9523809523809523
0.9965367965367965
0.8181818181818181
0.9965367965367965
0.9090909090909091
0.9523809523809523
