0.023809523809523808
0.023809523809523808
0.020995670995670995
0.13181818181818183
0.7502562342370364
0.12219996563340473
0.023809523809523808
0.023809523809523808
0.14863766850017912
0.023809523809523808
0.011904761904761904
0.03636363636363636
0.023809523809523808
0.07200941750488951
0.023809523809523808
0.07200941750488951
0.03636363636363636
0.011904761904761904
0.7402497402858372
0.023809523809523808
0.023809523809523808
0.023809523809523808
0.7206841237809181
0.11818181818181818
0.011904761904761904
0.023809523809523808
0.011904761904761904
0.11818181818181818
0.011904761904761904
0.05
0.023809523809523808
