0.8660254037844386
0.8470832468191329
0.8660254037844386
0.8531271017918668
0.7304935855525742
0.8531271017918668
0.8531271017918668
0.8531271017918668
0.8531271017918668
0.8660254037844386
0.8660254037844386
0.8470832468191329
0.8470832468191329
0.7245464459999977
0.8470832468191329
0.8531271017918668
0.8531271017918668
0.8660254037844386
0.8531271017918668
0.7502172046787359
0.8531271017918668
0.8660254037844386
0.7036392354957798
0.7666909661254158
0.8660254037844386
0.8660254037844386
0.7403402168882395
0.8660254037844386
0.8531271017918668
0.6830680327564838
0.8660254037844386
