0.1726883882514406
0.13941167365919613
0.11524569380899782
0.11701196781377733
0.14194587905346734
0.11477843158319617
0.016769260366568377
0.1387045380327162
0.11379206018756902
0.14109894828170233
0.14175876747994406
0.11702822567956485
0.14109894828170233
0.14194587905346734
0.14161040826469698
0.02991863758945713
0.16807157010407742
0.13976857045005645
0.01900297261984015
0.004876598490941705
0.11387877816785377
0.1439075704417921
0.11982829720438085
0.11387877816785377
0.14471175994989446
0.14161040826469698
0.1400832095170046
0.11337331304307857
0.1140790572236922
0.1140790572236922
0.020410647486003075
