0.4599152082873229
0.4940189235136001
0.7720288499816663
0.4879645413132726
0.8606885499550817
0.4958957592506778
0.4958957592506778
0.5000743107680405
0.7751030820299872
0.7784038873177664
0.5449721554998859
0.4858276828829438
0.7784038873177664
0.8606885499550817
0.8625860518171717
0.549859457643141
0.4639973604861449
0.5549046268679141
0.4922859150092839
0.4958957592506778
0.7784038873177664
0.7710656388410769
0.48306640434903103
0.7784038873177664
0.4940189235136001
0.8625860518171717
0.5000743107680405
0.7772095628195398
0.7741916934841783
0.7741916934841783
0.5000743107680405
