0.09453380365539683
0.07114292317587831
0.0944245889314667
0.08092558167302859
0.07209075385472434
0.09484995489624398
0.09489682937071606
0.0945708558975912
0.09527147059448206
0.048189284720190184
0.08339375284845488
0.039367394061398005
0.07264614599389091
0.09440008844283451
0.07093606781160501
0.0952940195284932
0.07091309982825174
0.05958694999691146
0.07125726884221148
0.09456088794073944
0.07148567543788013
0.0948355924641348
0.07238728588815004
0.07125706754657285
0.0946690416325483
0.0720731656576937
0.09526210212443084
0.07150067509701766
0.09492911995818785
0.10626973698123246
0.07138580505370742
