0.9823899371069182
0.9433962264150944
0.9823899371069182
0.9823899371069182
0.9823899371069182
0.9433962264150944
0.8679245283018868
0.9867924528301887
0.7666666666666666
0.9056603773584906
0.9779874213836478
0.9691823899371069
0.9867924528301887
0.9823899371069182
0.9779874213836478
0.9433962264150944
0.9779874213836478
0.7088050314465408
0.7666666666666666
0.9867924528301887
0.9389937106918239
0.9823899371069182
0.9823899371069182
0.9779874213836478
0.9867924528301887
0.7666666666666666
0.9056603773584906
0.9823899371069182
0.930188679245283
0.9867924528301887
0.9213836477987422
