0.5441166586001245
0.5542346416769278
0.5441166586001245
0.5441166586001245
0.5441166586001245
0.5542346416769278
0.5507264376221863
0.5442166071600837
0.548990968186072
0.38994213667115285
0.5440712213667407
0.3879714211017584
0.5442166071600837
0.5441166586001245
0.3901572832552002
0.5436445032834404
0.3887611181222337
0.4857010074635429
0.548990968186072
0.5442166071600837
0.5409176943400066
0.5436275055492091
0.5441166586001245
0.38994213667115285
0.5442166071600837
0.548990968186072
0.3831149862675507
0.5441166586001245
0.37103714228320883
0.5442166071600837
0.5410639274978926
