0.015723270440251572
0.018867924528301886
0.015723270440251572
0.015723270440251572
0.015723270440251572
0.018867924528301886
0.05660377358490567
0.009433962264150943
0.11666666666666665
0.03773584905660378
0.022012578616352207
0.03459119496855346
0.009433962264150943
0.015723270440251572
0.022012578616352207
0.018867924528301886
0.022012578616352207
0.13135590286421892
0.11666666666666665
0.009433962264150943
0.025157232704402514
0.015723270440251572
0.015723270440251572
0.022012578616352207
0.009433962264150943
0.11666666666666665
0.03773584905660378
0.015723270440251572
0.03773584905660377
0.009433962264150943
0.05031446540880503
