0.07056396311074224
0.006442464687503268
0.017910565479313464
0.07113620311807406
0.014983363940100431
0.0068906009154675926
0.0711141104622595
0.06951075204065144
0.07074135830301331
0.07113594194154474
0.07074135830301331
0.07080520413234848
0.07056396311074224
0.07045743817766949
0.07057560185145025
0.07096537482330526
0.07113594194154474
0.07040520777497351
0.07039327692963221
0.07081290561019583
0.07058273874222538
0.08617601570362694
0.005002971768464451
0.07074135830301331
0.07062802191192553
0.010040968447158946
0.07045759639277482
0.07075270527132146
0.07074135830301331
0.07067745479915842
0.056780451864302216
