0.5000743107680405
0.5000743107680405
0.4958957592506778
0.4940189235136001
0.5000743107680405
0.4958957592506778
0.46511716652897334
0.5000743107680405
0.7784038873177664
0.4958957592506778
0.7784038873177664
0.8625860518171717
0.5000743107680405
0.5000743107680405
0.5000743107680405
0.4942174540321167
0.4958957592506778
0.5000743107680405
0.5000743107680405
0.4940189235136001
0.5549046268679141
0.4682423442914731
0.5000743107680405
0.7784038873177664
0.49791479579978104
0.46409745302120875
0.4983355173246045
0.8636623206107849
0.7784038873177664
0.7784038873177664
0.7784038873177664
