0.5000743107680405
0.5459939510856817
0.5000743107680405
0.5000743107680405
0.5000743107680405
0.5000743107680405
0.8625860518171717
0.4940189235136001
0.49029220346971253
0.5484384934218809
0.5549046268679141
0.5549046268679141
0.484295582937522
0.49791479579978104
0.7784038873177664
0.5000743107680405
0.4958957592506778
0.7784038873177664
0.5549046268679141
0.5000743107680405
0.4922859150092839
0.4639973604861449
0.5000743107680405
0.5000743107680405
0.5422379539141094
0.5000743107680405
0.4958957592506778
0.4958957592506778
0.4958957592506778
0.7784038873177664
0.8625860518171717
