1.3539916740587183
1.2914542473614876
1.3539916740587183
1.3613681850460264
1.3613681850460264
1.3553812204164097
1.0
1.3250247835014335
1.5244103233033985
1.2909020870824255
1.2901291570184674
1.2889544268424316
1.3485821718501443
1.3530055779616903
1.0727337679212259
1.3613681850460264
1.353352961471018
1.0727337679212259
1.2889544268424316
1.3539916740587183
1.3536219758930959
1.58504460018353
1.3613681850460264
1.3539916740587177
1.2477060650142904
1.3553812204256237
1.3622321302230642
1.347316197875554
1.3533529614710174
1.0727337679212259
1.0
