0.6524069333552346
0.4021667274076077
0.6531446591759568
0.35218604723439484
0.38183897749211454
0.4021667274076077
0.47267938034258333
0.47019991210284184
0.3932356779721319
0.5059983492897504
0.6410667317909466
0.47267938034258333
0.44696568332495906
0.36665684628669315
0.47019991210284184
0.47267938034258333
0.38640303667754305
0.3932356779721319
0.3580623056401399
0.3867721309863586
0.3879923667209769
0.3932356779721319
0.5059983492897504
0.3734418669963607
0.4656463357929854
0.450072728725676
0.3932356779721319
0.37498295541071935
0.5218487902753249
0.3580623056401399
0.3580623056401399
