0.06206896551724138
0.03103448275862069
0.05172413793103449
0.03103448275862069
0.15075767016449385
0.03103448275862069
0.034482758620689655
0.12000000000000002
0.020689655172413793
0.06206896551724138
0.0896551724137931
0.034482758620689655
0.04827586206896552
0.03103448275862069
0.12000000000000002
0.041379310344827586
0.03103448275862069
0.020689655172413793
0.0
0.0
0.05172413793103449
0.020689655172413793
0.06206896551724138
0.03103448275862069
0.14435659406696902
0.09379310344827586
0.020689655172413793
0.03103448275862069
0.05172413793103449
0.0
0.0
