1.1014470452533016
1.3771818016326214
1.0850798414992662
1.50603657875799
1.356556155697717
1.3205153897100348
1.269561991085183
1.29047660572467
1.359283182999446
1.57137514347496
1.0814082420045983
1.269561991085183
1.4332055228931957
1.5965198300047623
1.29047660572467
1.2190203349620108
1.3416308354518922
1.359283182999448
1.5312737462343142
1.4117989311391148
1.3539665293422734
1.3833352444638911
1.542467179088187
1.5492082331155608
1.2135696800287368
1.3889818932453593
1.3592831829994467
1.6111882752337872
1.549639297025592
1.5428702494877269
1.5561010104255164
