0.40749768927509483
0.5341422296604472
0.47267938034258333
0.44118202796498496
0.5341422296604472
0.5476499879023045
0.47267938034258333
0.4668067643273158
0.4021667274076077
0.5245816229241856
0.47305556073802013
0.6414068147850045
0.37344186699636067
0.43931286626752886
0.5085299405844975
0.47019991210284184
0.5476499879023045
0.4518802877623583
0.4668067643273158
0.47267938034258333
0.5341422296604472
0.4021667274076077
0.4038043263097462
0.5365410293663555
0.3580623056401399
0.3567001708250045
0.47267938034258333
0.47019991210284184
0.5178230068774983
0.4038043263097462
0.47019991210284184
