0.0
0.20630206662150216
0.041379310344827586
0.10344827586206898
0.20630206662150216
0.06206896551724138
0.12000000000000002
0.138415788414775
0.03103448275862069
0.06206896551724138
0.13103448275862067
0.18832935115755314
0.020689655172413793
0.18010587431214703
0.06206896551724138
0.12000000000000002
0.06206896551724138
0.10344827586206898
0.138415788414775
0.12000000000000002
0.20630206662150216
0.03103448275862069
0.020689655172413793
0.15757539064518594
0.0
0.1329769147627595
0.12000000000000002
0.12000000000000002
0.06206896551724138
0.020689655172413793
0.12000000000000002
