0.47267938034258333
0.45388881595672037
0.3884440209446015
0.47019991210284184
0.47019991210284184
0.3737212306033421
0.47019991210284184
0.3879923667209769
0.4021667274076077
0.47019991210284184
0.47019991210284184
0.390251789452238
0.47019991210284184
0.4021667274076077
0.3842334487738674
0.4038043263097462
0.3884440209446015
0.47019991210284184
0.47019991210284184
0.4021667274076077
0.47267938034258333
0.47267938034258333
0.4029010057268899
0.47267938034258333
0.47019991210284184
0.47019991210284184
0.6531446591759568
0.3932356779721319
0.47267938034258333
0.3896895353309709
0.43931286626752886
