1.2190203349620108
1.14761198037641
1.4272251440031996
1.2224820116922457
1.3017899972655254
1.4447861016750894
1.29047660572467
1.4423101593816452
1.3605733493770764
1.2224820116922457
1.29047660572467
1.376960889713804
1.2224820116922457
1.3771818016326214
1.3447592781324587
1.4452358395459155
1.3820417602607131
1.2224820116922457
1.2224820116922457
1.3221132123350856
1.2877719858278813
1.2179826808696195
1.4088058980942888
1.2172057286557356
1.29047660572467
1.22248201169225
1.0850798414992662
1.3833352444638911
1.2617409578806762
1.3054451738996191
1.1499783057373039
