0.6339060766935276
0.8267610316341051
0.8405785818003716
0.8347675739066979
0.8267610316341051
0.6915527094241021
0.6915527094241021
0.8267610316341051
0.6407609783516208
0.8267610316341051
0.6339060766935276
0.6915527094241021
0.6423946429445813
0.8267610316341051
0.6423946429445813
0.8267610316341051
0.5922469876131142
0.6915527094241021
0.8347675739066979
0.6915527094241021
0.6423946429445813
0.8347675739066979
0.6423946429445813
0.6387851300626688
0.6348683172577297
0.8405785818003716
0.6915527094241021
0.8267610316341051
0.6915527094241021
0.6915527094241021
0.6915527094241021
