1.242351535184849
1.0819140633794229
1.0
1.0
1.0819140633794229
1.1934098866144833
1.1934098866144833
1.0819140633794395
1.1462477968775628
1.0819140633794229
1.2979917949012956
1.1934098866144833
1.1450001867588775
1.0819140633794229
1.2233614145051754
1.0819140633794229
1.2623449604145673
1.1934098866144833
1.0
1.1934098866144833
1.2286014957865705
1.0
1.2233614145051754
1.18214399279314
1.1961590634632122
1.0
1.1934098866144833
1.0819140633794284
1.122232660274517
1.1222326602745185
1.122232660274517
