0.1886747113304199
0.15353729232684374
0.20084720028965472
0.14598861154782683
0.1419356434225846
0.21195319953662428
0.14534577855556188
0.1890377414160547
0.18650368896264793
0.14575276245121788
0.08021733383790716
0.08052485095506427
0.1421400653502576
0.09432383550454392
0.09541535566300918
0.1439997534347899
0.18654953700942442
0.14551281423348855
0.14399188331882354
0.14548473949924978
0.1445958898113725
0.14499354002023945
0.1872555669792462
0.15135876595133269
0.144591950519036
0.14405502460125671
0.1868783873242842
0.14957763466016258
0.19319141485573635
0.14113231635417167
0.19026225934225338
