0.11666666666666665
0.025157232704402514
0.022012578616352207
0.015723270440251572
0.009433962264150943
0.018867924528301886
0.03773584905660378
0.040880503144654086
0.015723270440251572
0.028301886792452827
0.0660377358490566
0.03773584905660378
0.04716981132075473
0.03773584905660378
0.05660377358490567
0.13135590286421892
0.022012578616352207
0.13135590286421892
0.14099797436347955
0.11666666666666665
0.028301886792452827
0.13135590286421892
0.009433962264150943
0.0440251572327044
0.015723270440251572
0.018867924528301886
0.009433962264150943
0.015723270440251572
0.0660377358490566
0.03773584905660378
0.028301886792452827
