1.157187892838875
1.281866512411219
1.472752293734552
1.1797329427964647
1.1452623046281594
1.1547282267570764
1.2772164709286726
1.2209180434895859
1.2967684050708794
1.1078342913696808
1.270212033819788
1.4078719976654073
1.242911014742914
1.1362774588456233
1.0718297529695342
1.1426107782383046
1.2937402219954175
1.2004217396467893
1.1184323056067704
1.0658867798582032
1.1078342913696808
1.2004217396467893
1.2689569156877107
1.3431727894860284
1.2009220386018835
1.1087515226432507
1.2508679018136888
1.2967684050708794
1.1521813416827686
1.2613066819369647
1.1466110226981212
