0.05745233591466172
0.07080239957797245
0.057022278319909345
0.07044292729732737
0.06979131033212842
0.07074135830301331
0.0720870069020181
0.05670081618677206
0.07057560185145025
0.07040520777497351
0.05670081618677206
0.0703861208281368
0.07039805288627218
0.07006317643472008
0.019246538743467836
0.013190466560711534
0.07057560185145025
0.07080520413234848
0.05737502138107787
0.07080520413234848
0.0569564165624463
0.011488193849414286
0.07074135830301331
0.07039805288627218
0.007624550498600694
0.07040520777497351
0.07107092930748991
0.007146109759227047
0.07040520777497351
0.07239757413113054
0.05703952861184616
