1.5962753990216636
1.295780070304888
1.3000480384356619
1.2902221203095565
1.36290052686151
1.0734873685835233
1.5678368884451688
1.0734873685835233
1.3651123510828922
1.3614815798838114
1.0734873685835233
1.36290052686151
1.365112351082892
1.3614815798838114
1.7126004284252865
1.5736867413115958
1.3651123510828922
1.0
1.6155763154134009
1.0
1.6139673147269262
1.7178300481183006
1.0734873685835233
1.365112351082892
1.359234161971156
1.3614815798838114
1.3687069702093404
1.3614815798838114
1.3614815798838114
1.0815844282186133
1.0
