1.3693180627005994
1.1738598759407728
1.064582999919813
1.3974409509830266
1.5993681339398191
1.4418004654360446
1.3669603898268932
1.1638641424481886
1.390118607460832
1.53087846538064
1.4834268092355387
1.3672075595240962
1.3500494530809979
1.5830536140640974
1.3500494530809979
1.3657182700455135
1.365910826938549
1.2631712590856417
1.5994073537543412
1.3901186074608323
1.367336196557884
1.5110520472280184
1.4909307328404686
1.3669603898268932
1.2631712590856417
1.342621420973227
1.3306196002516564
1.4300249382543482
1.3652630774367482
1.3500494530809979
1.3638351126829125
