0.9841269841269842
0.9682539682539683
0.9841269841269842
0.6666666666666667
0.9841269841269842
0.9523809523809523
0.9365079365079365
0.6666666666666667
0.6560846560846562
0.6666666666666667
0.9841269841269842
0.9841269841269842
0.9682539682539683
0.5396825396825398
0.634920634920635
0.6666666666666667
0.6666666666666667
0.5820105820105821
0.6560846560846562
0.9365079365079365
0.9523809523809523
0.9788359788359788
0.9523809523809523
0.6455026455026456
0.9682539682539683
0.9682539682539683
0.9841269841269842
0.6666666666666667
0.6137566137566138
0.9894179894179894
0.9947089947089947
