0.006349206349206349
0.04444444444444444
0.006349206349206349
0.2
0.006349206349206349
0.025396825396825397
0.08571428571428572
0.2
0.2032501461639004
0.2
0.015873015873015872
0.006349206349206349
0.015873015873015872
0.2626686722055453
0.21050230649309656
0.2
0.2
0.2355402597471295
0.2032501461639004
0.03809523809523809
0.025396825396825397
0.025396825396825397
0.025396825396825397
0.20672641000430989
0.04444444444444444
0.04444444444444444
0.015873015873015872
0.2
0.2192368716859804
0.009523809523809523
0.0031746031746031746
