0.09717723276260991
0.18292682926829268
0.12309116149930588
0.1813975011568718
0.16011105969458583
0.21544715447154472
0.12725590004627488
0.12771864877371586
0.12262841277186488
0.15455807496529383
0.13008130081300814
0.10689495603887089
0.15455807496529383
0.17886178861788618
0.16057380842202684
0.14715409532623785
0.19574271170754282
0.16844053678852383
0.1911152244331328
0.12818139750115687
0.10975609756097561
0.15826006478482185
0.15040650406504066
0.10828320222119389
0.1078204534937529
0.12771864877371586
0.11291068949560389
0.12195121951219512
0.13280888477556688
0.15039333641832486
0.15085608514576584
