0.033738666444520164
0.04834343381752148
0.04926907085689442
0.04404683766885758
0.06433669282967162
0.04774733210690979
0.05411625822892491
0.029106579728660903
0.029844991868131217
0.026872688027824707
0.060602019290103816
0.0472486549432241
0.01858733097809328
0.03945157584222859
0.02699407627713584
0.0397545152585128
0.04416236933875927
0.028605681204992545
0.050596608240802615
0.0356792004038759
0.03299810013580108
0.02417657421134743
0.013240299323336084
0.052230802174610895
0.035651004426891154
0.03948950168393415
0.04232183432547431
0.054157048678376916
0.03530806101027498
0.034361714707938584
0.05758157766420928
