0.42376411164674727
0.4454050758789175
0.5010802782236946
0.4172115553274561
0.5523504395888349
0.4747178695968632
0.5188656895052142
0.42822340027770056
0.43185644570202214
0.3953465691449891
0.5355256922983658
0.48115909491774195
0.3776358801484627
0.39723029135586224
0.3496727278727158
0.4665571451136649
0.4746735979802957
0.41750015045807287
0.4012457295947324
0.36371189045785884
0.44831229134821277
0.3515316841924696
0.3686749516804517
0.49255198703239245
0.45608593418489657
0.41816178755223143
0.4140356805370156
0.472844749928428
0.450700217404088
0.44606946497819
0.42503926940097575
