0.06894379757782355
0.13844183404291846
0.07357494577967734
0.11281108000829954
0.1118007983354608
0.14461833395753915
0.09287752777412132
0.0860948523824464
0.07900675111175669
0.0963272188026701
0.11168564925528003
0.0630067807609972
0.11236706396382663
0.09775251214299326
0.10952999983275323
0.12006306484234719
0.1503692132602208
0.10914624834020153
0.1655598241034271
0.0779507665745829
0.09225023719900699
0.09525143403241636
0.10419248601848831
0.07556304267454449
0.07528438367568112
0.08349178798270278
0.08130895426743438
0.10370676349136593
0.0854937464994258
0.12353465777076449
0.10323223749607739
