0.9841269841269842
0.9947089947089947
0.6666666666666667
0.7936507936507937
0.6666666666666667
0.9947089947089947
0.9365079365079365
0.9841269841269842
0.9841269841269842
0.873015873015873
0.9841269841269842
0.6666666666666667
0.9047619047619048
0.9841269841269842
0.9841269841269842
0.9841269841269842
0.6666666666666667
0.9841269841269842
0.6666666666666667
0.9841269841269842
0.6666666666666667
0.6560846560846562
0.9841269841269842
0.9841269841269842
0.9841269841269842
0.9841269841269842
0.9947089947089947
0.9841269841269842
0.6666666666666667
0.6666666666666667
0.9206349206349207
