0.8267610316341051
0.6915527094241021
0.6339060766935276
0.6370109491706272
0.8347675739066979
0.6915527094241021
0.6327902173725007
0.6913312311653035
0.6913312311653035
0.4610764473488357
0.675746813937059
0.8347675739066979
0.5902856203784572
0.8267610316341051
0.5059123862221819
0.6915527094241021
0.8347675739066979
0.8267610316341051
0.8347675739066979
0.6915527094241021
0.8347675739066979
0.4948856607457753
0.6915527094241021
0.6915527094241021
0.8267610316341051
0.6339060766935276
0.6915527094241021
0.8267610316341051
0.8347675739066979
0.8347675739066979
0.5040363664792219
