0.17720366063642115
0.0504565929150497
0.07083142648313843
0.11988713099818243
0.17720366063642115
0.13495848194619978
0.17516458899429016
0.13492173469775293
0.035355339059327376
0.13495848194619978
0.08646696216802977
0.13254654091707285
0.07794798761215092
0.07296551936808618
0.13490948339063066
0.07769175205566223
0.13490948339063066
0.13490948339063066
0.14807346398241852
0.11985900207044299
0.10266062877186258
0.061730723197981036
0.16777577183364875
0.11917283107667753
0.07908277194209304
0.07075741406208783
0.1430681416734123
0.10251332545011944
0.07071067864549035
0.11257210997169005
0.15907497706474255
