0.9523809523809523
0.6727272727272727
0.8181818181818181
0.9956709956709957
0.9523809523809523
0.9948051948051948
0.9523809523809523
0.9956709956709957
0.9272727272727272
0.9948051948051948
0.8129870129870129
0.8493506493506493
0.8484848484848484
0.8
0.9965367965367965
0.7272727272727273
0.9965367965367965
0.9965367965367965
0.6753246753246753
0.9965367965367965
0.7341991341991342
0.8484848484848484
0.6753246753246753
0.7783549783549784
0.7073593073593074
0.9090909090909091
0.7445887445887446
0.8874458874458874
0.9272727272727272
0.8865800865800866
0.9523809523809523
