0.883153230911587
0.48710482840131736
0.48812175672578545
0.4942211902845293
0.883153230911587
0.5732915146937215
0.7747723131254867
0.5746234301171995
0.4959322532385749
0.5732915146937215
0.4774843972367894
0.4862557635348759
0.4868847143483347
0.568768732934242
0.5760957397131915
0.48621327137053294
0.5760957397131915
0.5760957397131915
0.5527851443182992
0.4959322532385749
0.5202132010582613
0.4868847143483347
0.8258062831514339
0.5624282579430512
0.5628462307522549
0.5746234301171995
0.7634898593203387
0.48486986668704113
0.5760957397131915
0.4868847143483347
0.7747723131254867
