0.6861394551968486
0.6913312311653035
0.8347675739066979
0.6387851300626688
0.8347675739066979
0.6339060766935276
0.8347675739066979
0.6915527094241021
0.6915527094241021
0.8405785818003716
0.8347675739066979
0.6898893693192575
0.8347675739066979
0.6423946429445813
0.5922469876131142
0.8347675739066979
0.637733973285713
0.8267610316341051
0.5922469876131142
0.8347675739066979
0.5922469876131142
0.6913312311653035
0.8280825757630124
0.8405785818003716
0.8405785818003716
0.8267610316341051
0.8347675739066979
0.6913312311653035
0.6915527094241021
0.8267610316341051
0.8267610316341051
