0.07852941319056778
0.11095413906819312
0.1469291307101528
0.07183125717412979
0.05241918710117406
0.07852941319056778
0.05597851947428341
0.14424157397712303
0.07259890446491143
0.1560427219079724
0.05133438859293018
0.0544924161806599
0.05437880552377052
0.08301656487522038
0.04471794085432208
0.018741394997765757
0.08108709479649467
0.10993138235278455
0.05086881701583217
0.02076849180044374
0.11460878449210908
0.02353308795697874
0.036625754754881217
0.037216676722096
0.1153884311983594
0.11465328837669202
0.10911319027370935
0.05241918710117406
0.07557341051714297
0.030544587699522518
0.11464862136550538
