0.47019991210284184
0.4021667274076077
0.3879923667209769
0.4021667274076077
0.4668067643273158
0.47019991210284184
0.47019991210284184
0.47019991210284184
0.4021667274076077
0.5059983492897504
0.47267938034258333
0.3932356779721319
0.3852473377871119
0.46106568246309837
0.3896895353309709
0.3932356779721319
0.47019991210284184
0.3932356779721319
0.3932356779721319
0.3884440209446015
0.627223198689945
0.4021667274076077
0.3559204102048906
0.45388881595672037
0.47267938034258333
0.4656463357929854
0.3932356779721319
0.4668067643273158
0.38475318304932504
0.35621448231032105
0.4668067643273158
