1.2129231712328647
1.3153361617915407
1.3430281058060696
1.296800920948351
1.212839175339724
1.2129231712328647
1.2713537218718258
1.2713537218718247
1.314247087481739
1.5201192436341906
1.2144122908853934
1.3703847496557042
1.3302895556311316
1.1135670638797939
1.3131006109172694
1.3438467411949606
1.2713537218718252
1.3703847496557042
1.343846741194961
1.3701982097049812
1.3745815946923305
1.3153361617915382
1.2846697747308242
1.1445063212058597
1.2700887433387273
1.2090763141539493
1.3438467411949606
1.212839175339724
1.4102332405735873
1.5229338474628296
1.2097090767951364
