0.11045439674081656
0.11042082315264683
0.11490532879368204
0.11044314326985603
0.11047671007499975
0.11020315611733339
0.110576453555229
0.11045439674081656
0.11490532879368204
0.11490532879368204
0.11009926646417771
0.08863465341197269
0.110576453555229
0.0885129855549804
0.11492677797102821
0.11490532879368204
0.11044533898786442
0.110576453555229
0.11008745235946088
0.11045439674081656
0.10824934672268835
0.11488387561170774
0.11044314326985603
0.1103604628431018
0.110576453555229
0.11034525890511715
0.1104023465502472
0.11460702206363807
0.11021497613811096
0.11508291144067131
0.11045439674081656
