0.0031746031746031746
0.009523809523809523
0.015873015873015872
0.009523809523809523
0.0031746031746031746
0.03492063492063492
0.015873015873015872
0.0031746031746031746
0.015873015873015872
0.015873015873015872
0.03492063492063492
0.0031746031746031746
0.015873015873015872
0.0031746031746031746
0.025396825396825397
0.015873015873015872
0.009523809523809523
0.015873015873015872
0.009523809523809523
0.0031746031746031746
0.006349206349206349
0.015873015873015872
0.009523809523809523
0.2
0.015873015873015872
0.16825396825396827
0.04444444444444444
0.019047619047619046
0.015873015873015872
0.015873015873015872
0.0031746031746031746
