1.1222326602745087
1.1450001867588777
1.08191406337944
1.2233614145051754
1.1866594459218047
1.3211479964795578
1.0819140633794229
1.1222326602745087
1.08191406337944
1.08191406337944
1.3119475716601516
1.289348995580321
1.0819140633794229
1.1222326602745278
1.0
1.08191406337944
1.2286014957865705
1.0819140633794229
1.1669661344077646
1.1222326602745087
1.1359321801952416
1.08191406337944
1.2233614145051754
1.241803954925113
1.0819140633794229
1.1923347791330103
1.2120172236932045
1.2530712083740378
1.2841504047805592
1.1944336367315753
1.1222326602745087
