0.0676494952628996
0.08228010033354409
0.08862738878326182
0.08974763951437684
0.07537473392574141
0.08141974084832754
0.09053284428615532
0.08033324178429627
0.08073466738615079
0.07908844865552603
0.10325195313294681
0.10437682618682553
0.09023860871791006
0.08820458929790051
0.08618162311229179
0.07796118365917405
0.09042205748869535
0.087904779280522
0.0744036999145726
0.10415570104900289
0.08172348849706994
0.08863829283994008
0.08620483733245418
0.07547452924860149
0.07705483352725918
0.08747461805975457
0.08631901163420733
0.08092049983550925
0.08894659850570155
0.08823506251384336
0.08919505174174981
