0.3831149862675507
0.3901572832552002
0.5442166071600837
0.5442166071600837
0.38054924336220336
0.5423582261179091
0.5442166071600837
0.3879714211017584
0.5442166071600837
0.4383930781253888
0.5542346416769278
0.5542346416769278
0.5442166071600837
0.5442166071600837
0.5410639274978926
0.38054924336220336
0.5442166071600837
0.5442166071600837
0.3871964314745207
0.6055429213843428
0.37385120342073996
0.5442166071600837
0.5441166586001245
0.3780856174195411
0.3887611181222337
0.5442166071600837
0.5409176943400066
0.4383930781253888
0.5442166071600837
0.5442166071600837
0.5409176943400066
