0.18181818181818182
0.047619047619047616
0.047619047619047616
0.047619047619047616
0.047619047619047616
0.14545454545454545
0.14545454545454545
0.047619047619047616
0.047619047619047616
0.10909090909090909
0.10909090909090909
0.21818181818181817
0.047619047619047616
0.047619047619047616
0.10909090909090909
0.2545454545454545
0.047619047619047616
0.9523809523809523
0.32727272727272727
0.10909090909090909
0.21818181818181817
0.10909090909090909
0.047619047619047616
0.047619047619047616
0.047619047619047616
0.047619047619047616
0.5636363636363636
0.2909090909090909
0.047619047619047616
0.047619047619047616
0.9523809523809523
