0.8181818181818181
0.9965367965367965
0.9523809523809523
0.9956709956709957
0.9878787878787879
0.8519480519480519
0.8138528138528137
0.9523809523809523
0.9965367965367965
0.8484848484848484
0.8865800865800866
0.7783549783549784
0.9965367965367965
0.9965367965367965
0.8865800865800866
0.7515151515151515
0.9852813852813853
0.036363636363636404
0.677056277056277
0.8484848484848484
0.7800865800865802
0.8874458874458874
0.9965367965367965
0.9965367965367965
0.9965367965367965
0.9965367965367965
0.4311688311688312
0.7056277056277057
0.9965367965367965
0.9523809523809523
0.04155844155844161
