0.48812175672578545
0.5760957397131915
0.883153230911587
0.5746234301171995
0.4862557635348759
0.48740165166956906
0.7655437682802724
0.883153230911587
0.5760957397131915
0.4868847143483347
0.4868847143483347
0.5624282579430512
0.5760957397131915
0.5760957397131915
0.4781127634742964
0.518642018303882
0.4866380260494769
0.581972589962503
0.514883720493922
0.4868847143483347
0.4862557635348759
0.48486986668704113
0.5760957397131915
0.4959322532385749
0.4959322532385749
0.5760957397131915
0.581972589962503
0.5625751812771815
0.5760957397131915
0.883153230911587
0.5860058355249685
