0.11818181818181818
0.011904761904761904
0.023809523809523808
0.01645021645021645
0.023809523809523808
0.09635888528715805
0.09635888528715805
0.023809523809523808
0.011904761904761904
0.07200941750488951
0.07200941750488951
0.14863766850017912
0.011904761904761904
0.011904761904761904
0.07200941750488951
0.1727272727272727
0.023809523809523808
0.7206841237809181
0.22727272727272727
0.07200941750488951
0.14863766850017912
0.07200941750488951
0.011904761904761904
0.011904761904761904
0.011904761904761904
0.011904761904761904
0.4056234892674273
0.20225192493430255
0.011904761904761904
0.023809523809523808
0.7071147200895262
