1.0934848122777545
1.1748410257004764
1.0
1.1757262728200593
1.2965253322819479
1.2896786973681
1.068016321929258
1.0
1.1748410257004764
1.2426040938441822
1.3609697847177908
1.0319734719965348
1.1748410257004804
1.1748410257004804
1.2204463449957272
1.2607844793204421
1.235704652096143
1.3055355867483034
1.3199724635274543
1.2426040938441822
1.389339577311834
1.3928818207398765
1.1748410257004807
1.2851133533665005
1.2851133533665005
1.1748410257004764
1.3750790923325396
1.0322859517017664
1.1748410257004807
1.0
1.1980444737739466
