0.8531271017918668
0.8660254037844386
0.8531271017918668
0.8660254037844386
0.8531271017918668
0.8660254037844386
0.8531271017918668
0.7648772825599931
0.8531271017918668
0.8660254037844386
0.7712147880220311
0.8660254037844386
0.8660254037844386
0.8470832468191329
0.7712147880220311
0.7437903704252372
0.8660254037844386
0.8660254037844386
0.8531271017918668
0.8660254037844386
0.8660254037844386
0.8660254037844386
0.8531271017918668
0.8531271017918668
0.8660254037844386
0.8660254037844386
0.8660254037844386
0.8660254037844386
0.8200914748012226
0.8660254037844386
0.8531271017918668
