0.09888928940959381
0.10103199949990822
0.10228439521686569
0.08029968510416909
0.09984559424022865
0.1270879085753992
0.12198091581693588
0.07950420949296345
0.09965197465398198
0.09858799795867046
0.015568803344638275
0.10020784586977236
0.09957811720951532
0.09995301513098123
0.09972884164158848
0.10013367997056273
0.09995301513098123
0.1007625444821444
0.09995301513098123
0.010005943536928902
0.08029968510416909
0.080292288261949
0.1168762171165166
0.1002548714073711
0.025231909138887856
0.026214699601134917
0.09957811720951532
0.08029968510416909
0.08029968510416909
0.10303436736366671
0.10373523418269887
