0.9827586206896551
0.8103448275862069
0.9137931034482758
0.9655172413793104
1.0
0.9137931034482758
0.9655172413793104
0.9655172413793104
0.9827586206896551
1.0
0.9655172413793104
0.9137931034482758
0.9827586206896551
0.9655172413793104
0.9310344827586207
0.9482758620689655
0.9655172413793104
0.9137931034482758
0.9655172413793104
1.0
0.9655172413793104
0.9655172413793104
0.9827586206896551
0.9655172413793104
1.0
1.0
0.9827586206896551
0.9655172413793104
0.9655172413793104
0.9310344827586207
0.7241379310344828
