0.5549046268679141
0.484295582937522
0.7751030820299872
0.7784038873177664
0.5000743107680405
0.46102478003169206
0.4683216942206556
0.4958957592506778
0.5549046268679141
0.5000743107680405
0.4958957592506778
0.7751030820299872
0.5549046268679141
0.7784038873177664
0.48694612434789014
0.8625860518171717
0.7784038873177664
0.7751030820299872
0.7784038873177664
0.5000743107680405
0.7784038873177664
0.4958957592506778
0.4598950094765531
0.4958957592506778
0.48826067220511127
0.5000743107680405
0.5549046268679141
0.7784038873177664
0.7784038873177664
0.4922859150092839
0.8564037992097141
