1.2888587377212326
1.3425850570286364
1.0894680585071168
1.0727337679212259
1.3606480748476735
1.561779229399743
1.6661047911134117
1.347316197875554
1.2901291570184685
1.3539916740587183
1.3593736817773603
1.0758799665498873
1.2889544268424316
1.0727337679212259
1.3558821192421453
1.0
1.0727337679212259
1.0758799665498875
1.0727337679212259
1.3613681850460286
1.0727337679212259
1.3584732448135488
1.5625365906791697
1.359373681777363
1.3687731721878902
1.3539916740587177
1.2889544268424316
1.0727337679212259
1.0727337679212259
1.365812737330472
1.0
