0.9523809523809523
0.9965367965367965
0.9965367965367965
0.9523809523809523
0.9965367965367965
0.8138528138528137
0.8147186147186147
0.8865800865800866
0.9965367965367965
0.7800865800865802
0.8874458874458874
0.987012987012987
0.9965367965367965
0.8874458874458874
0.8147186147186147
0.8181818181818181
0.9965367965367965
0.9878787878787879
0.9948051948051948
0.8484848484848484
0.9965367965367965
0.9956709956709957
0.9523809523809523
0.8865800865800866
0.9965367965367965
0.9965367965367965
0.9523809523809523
0.9965367965367965
0.8147186147186147
0.6753246753246753
0.8147186147186147
