0.023809523809523808
0.011904761904761904
0.011904761904761904
0.023809523809523808
0.011904761904761904
0.09635888528715805
0.12219996563340473
0.07200941750488951
0.011904761904761904
0.14863766850017912
0.07200941750488951
0.023809523809523808
0.011904761904761904
0.07200941750488951
0.12219996563340473
0.11818181818181818
0.011904761904761904
0.023809523809523808
0.020995670995670995
0.07200941750488951
0.011904761904761904
0.01645021645021645
0.023809523809523808
0.07200941750488951
0.011904761904761904
0.011904761904761904
0.023809523809523808
0.011904761904761904
0.12219996563340473
0.20225192493430255
0.12219996563340473
