1.0
1.1748410257004764
1.1748410257004804
1.0
1.1748410257004807
1.0663836045516804
1.3418339036438909
1.3938802917795212
1.1748410257004804
1.0220886632534003
1.3928818207398765
1.2614724801311124
1.2851133533665002
1.3928818207398765
1.2207188929516366
1.0934848122777547
1.1748410257004807
1.1871726822735487
1.1766917669205164
1.257597827325689
1.1748410257004807
1.1757262728200593
1.0
1.3643311043099045
1.1748410257004804
1.1748410257004807
1.0
1.1748410257004807
1.3418339036438909
1.0
1.2207188929516366
