1.1450001867588775
1.0819140633794229
1.1934098866144833
1.2286014957865705
1.1222326602745252
1.0819140633794397
1.1478326141138782
1.182143992793139
1.1222326602745125
1.1222326602745187
1.2233614145051754
1.0819140633794229
1.2233614145051754
1.2233614145051754
1.0
1.1359321801952416
1.1222326602745152
1.1934098866144833
1.08191406337943
1.1222326602745136
1.1222326602745156
1.122232660274514
1.0819140633794238
1.1359321801952416
1.1222326602745099
1.1222326602745132
1.0819140633794317
1.0819140633794229
1.1222326602745132
1.1821439927931379
1.0819140633794357
