0.8625860518171717
0.5000743107680405
0.5000743107680405
0.4958957592506778
0.5000743107680405
0.7784038873177664
0.49791479579978104
0.4661944320953506
0.5000743107680405
0.5530936675517877
0.4940189235136001
0.5000743107680405
0.4958957592506778
0.5000743107680405
0.4958957592506778
0.7784038873177664
0.7784038873177664
0.5223853432757742
0.4683216942206556
0.5549046268679141
0.7751030820299872
0.5000743107680405
0.4940189235136001
0.8625860518171717
0.7784038873177664
0.7761091610496116
0.5000743107680405
0.5000743107680405
0.4697089378815381
0.5000743107680405
0.7784038873177664
