0.12447387417055805
0.12404030387170284
0.12460952394074078
0.12512514740235153
0.11562023996961608
0.11146989388473394
0.1269861743680253
0.12460952394074078
0.12226622431487418
0.10652683525111593
0.05619386880877113
0.12187922023272968
0.1223496151470051
0.11342711161968966
0.12460952394074078
0.11612332705981665
0.11982381196203383
0.09491808145411638
0.12529095050452946
0.10722921117433107
0.11932777948118542
0.14380320280002767
0.10765228854363676
0.10778272492052278
0.11275955334995082
0.09695727441951284
0.10754792302597078
0.12672913228257796
0.10202247591620064
0.12267285801972831
0.12187922023272968
