0.9867924528301887
0.9867924528301887
0.9867924528301887
0.9867924528301887
0.9823899371069182
0.8679245283018868
0.8779874213836478
0.9867924528301887
0.9823899371069182
0.9867924528301887
0.8867924528301887
0.9213836477987422
0.9389937106918239
0.9056603773584906
0.9867924528301887
0.679874213836478
0.9823899371069182
0.8679245283018868
0.9867924528301887
0.7232704402515723
0.9245283018867925
0.6220125786163522
0.920125786163522
0.8679245283018868
0.7666666666666666
0.920125786163522
0.7666666666666666
0.9389937106918239
0.8823899371069183
0.9389937106918239
0.9213836477987422
