1.3232916461296744
1.2989820737868438
1.3232916461296744
1.3232916461296744
1.30762661043109
1.1139469221234275
1.356410950757415
1.3232916461296744
1.3453791184322013
1.191567929436864
1.1445806911046879
1.3150933090969368
1.3204129347652658
1.4295356542944344
1.3232916461296744
1.0691380044481733
1.3453791184322013
1.1425575866392412
1.3232916461296744
1.1616745560085995
1.3144238118337457
1.05765145177318
1.460301566997414
1.2830003996311883
1.1267338857745681
1.4596931198744147
1.0673027863026106
1.3388092421912656
1.389879846086579
1.3204129347652658
1.3150933090969368
