0.06896551724137931
0.5
0.05172413793103448
0.06896551724137931
0.08620689655172414
0.017241379310344827
0.1206896551724138
0.017241379310344827
0.05172413793103448
0.0
0.0
0.05172413793103448
0.017241379310344827
0.0
0.06896551724137931
0.05172413793103448
0.034482758620689655
0.0
0.25862068965517243
0.017241379310344827
0.0
0.0
0.1206896551724138
0.017241379310344827
0.034482758620689655
0.0
0.034482758620689655
0.017241379310344827
0.034482758620689655
0.034482758620689655
0.034482758620689655
