0.14175727442134106
0.1688416446281582
0.02444611178673342
0.033776210169938835
0.11444330601047006
0.1372946527172327
0.1403272716309205
0.03905835770457642
0.16407854731331073
0.13884247143771045
0.13884247143771045
0.14161040826469698
0.16987115595680738
0.13828554444911365
0.033776210169938835
0.14161040826469698
0.14109894828170233
0.020011887073857804
0.11941161881546114
0.14090396121595172
0.03300387336507574
0.13430384208241666
0.1403272716309205
0.17295095731744511
0.028701589445250475
0.1387045380327162
0.11451187990638743
0.034509369381215314
0.11387877816785377
0.028701589445250475
0.045469986254871184
