1.0
1.4097019293228377
1.3293982759210454
1.2455432048491457
1.0742835018633672
1.2719978113419197
1.3319728884445108
1.6307775882592845
1.6259917560698802
1.329825410686941
1.329825410686941
1.0
1.5708603988980847
1.3250467086800388
1.2455432048491457
1.0
1.0712034971886089
1.3537652356446865
1.311182824012649
1.5803467969646332
1.5512235401407437
1.3387825795771338
1.3319728884445108
1.484439389782693
1.0
1.3387825795771335
1.0712034971886089
1.2840250300035605
1.0712034971886089
1.0
1.4418634620008266
