0.11358927017326897
0.10534374463214237
0.11055416035244389
0.10534374463214237
0.10105477830974685
0.10462605397354802
0.10315218011150754
0.10268656696085729
0.11082138280425834
0.11055416035244389
0.11144241004190239
0.11055416035244389
0.11079913888216879
0.10052639271873637
0.11326330674242335
0.11077689049351531
0.10269628946639214
0.09631097454940575
0.10493914317790098
0.11488387561170774
0.110576453555229
0.1029945468018962
0.11492677797102821
0.10105477830974685
0.09455935671896956
0.10549786786447832
0.09646381707242387
0.09631097454940575
0.10041666704877955
0.11055416035244389
0.10549786786447832
