0.015873015873015872
0.0031746031746031746
0.2
0.0031746031746031746
0.04444444444444444
0.006349206349206349
0.009523809523809523
0.04444444444444444
0.015873015873015872
0.2
0.015873015873015872
0.2
0.015873015873015872
0.0031746031746031746
0.015873015873015872
0.015873015873015872
0.0031746031746031746
0.009523809523809523
0.08253968253968254
0.015873015873015872
0.015873015873015872
0.009523809523809523
0.025396825396825397
0.04444444444444444
0.009523809523809523
0.0031746031746031746
0.009523809523809523
0.009523809523809523
0.0031746031746031746
0.2
0.0031746031746031746
