1.0819140633794335
1.1866594459218047
1.0
1.1866594459218047
1.2623449604145673
1.202907658725504
1.2286014957865705
1.2623449604145673
1.0819140633794229
1.0
1.0819140633794229
1.0
1.0819140633794229
1.1222326602745165
1.0819140633794317
1.0819140633794229
1.1222326602745143
1.1450001867588775
1.219147698915548
1.08191406337944
1.0819140633794229
1.2233614145051754
1.0
1.2623449604145673
1.1821439927931405
1.1934098866144833
1.1450001867588775
1.1450001867588775
1.1222326602745165
1.0
1.1934098866144833
