0.7232704402515723
0.9157232704402516
0.9257861635220126
0.9389937106918239
0.7232704402515723
0.7666666666666666
0.7666666666666666
0.7232704402515723
0.9779874213836478
0.9389937106918239
0.9867924528301887
0.7232704402515723
0.7232704402515723
0.9647798742138365
0.920125786163522
0.8823899371069183
0.679874213836478
0.679874213836478
0.7232704402515723
0.8867924528301887
0.9245283018867925
0.7088050314465408
0.9867924528301887
0.7232704402515723
0.9867924528301887
0.9867924528301887
0.8490566037735849
0.9433962264150944
0.9245283018867925
0.9427672955974843
0.7666666666666666
