0.5451951636155757
0.38058821995898134
0.37729819868471354
0.5409176943400066
0.37729819868471354
0.548990968186072
0.5466030850340664
0.5451951636155757
0.5440712213667407
0.5409176943400066
0.5442166071600837
0.380078914076417
0.5451951636155757
0.5442620322560635
0.38054924336220336
0.43339402013339945
0.6029899739188332
0.483701616889727
0.5451951636155757
0.43929443303430626
0.5531988173451454
0.3770753509473408
0.5442166071600837
0.6055429213843428
0.5442166071600837
0.5442166071600837
0.5501155945265926
0.5542346416769278
0.5531988173451454
0.5450596847902099
0.548990968186072
