0.12722855304613698
0.040880503144654086
0.0440251572327044
0.025157232704402514
0.12722855304613698
0.11666666666666665
0.11666666666666665
0.12722855304613698
0.022012578616352207
0.025157232704402514
0.009433962264150943
0.12722855304613698
0.12722855304613698
0.040880503144654086
0.03459119496855346
0.053459119496855355
0.14099797436347955
0.14099797436347955
0.12722855304613698
0.04716981132075473
0.028301886792452827
0.13135590286421892
0.009433962264150943
0.12722855304613698
0.009433962264150943
0.009433962264150943
0.0660377358490566
0.018867924528301886
0.028301886792452827
0.07033542976939204
0.11666666666666665
