1.1183431404973028
1.3080690177068135
1.4283913876427334
1.205048926862814
1.2751702984988205
1.1573140486861921
1.1596716271654623
1.1510310697670862
1.2775758880911796
1.239360107198274
1.1789564791776892
1.2937674830528538
1.1510310697670862
1.2172952083290671
1.3559247944356427
1.2903818999022638
1.1047203922769127
1.0749459002818011
1.1575576941308425
1.0
1.1120548124802576
1.203382596484774
1.2689569156877107
1.1089573135971444
1.1789564791776892
1.277216317525226
1.0
1.0625758622449126
1.1078342913696808
1.2900161183102434
1.1698045422950685
