0.9137931034482758
0.9655172413793104
0.8620689655172413
0.9137931034482758
0.7413793103448276
0.9310344827586207
0.0
0.9137931034482758
0.896551724137931
0.8620689655172413
0.9827586206896551
1.0
1.0
0.9827586206896551
0.8620689655172413
1.0
0.9655172413793104
0.9655172413793104
0.9137931034482758
0.8793103448275862
0.9655172413793104
0.9655172413793104
0.9137931034482758
0.9482758620689655
0.8448275862068966
0.9482758620689655
0.9310344827586207
0.896551724137931
0.9482758620689655
0.9655172413793104
0.8448275862068966
