0.14793743259547296
0.016033407691669232
0.17240349038723557
0.14175727442134106
0.14024463084502495
0.114515180388529
0.021301303739973125
0.14166412021574054
0.16869179903743758
0.1431138342720492
0.1685085598124425
0.03688249853647151
0.1405856275851513
0.1684080328252141
0.14014073103536337
0.02033313515559384
0.13048749720935848
0.14099338414251497
0.14109894828170233
0.13664930337976147
0.1422387502637552
0.1387045380327162
0.1400704257179909
0.15801432929756615
0.14161040826469698
0.00975319698188341
0.0
0.03435839678028556
0.03947834667185112
0.11223385384168458
0.17028327905931206
