0.45999599466093444
0.5000743107680405
0.46822250470800925
0.8615946971265132
0.5549046268679141
0.40885978028147807
0.4958957592506778
0.7751030820299872
0.4683216942206556
0.8579210554913607
0.4639973604861449
0.4682423442914731
0.7784038873177664
0.4682423442914731
0.5549046268679141
0.49791479579978104
0.6048014385100131
0.46822250470800925
0.7784038873177664
0.549859457643141
0.7751030820299872
0.5000743107680405
0.7784038873177664
0.46409745302120875
0.8625860518171717
0.4922859150092839
0.5000743107680405
0.5449721554998859
0.5000743107680405
0.5000743107680405
0.4682423442914731
