0.0788539650282029
0.052842368574663186
0.036316487776203804
0.08240005796014976
0.0792367397681249
0.08222084450568509
0.10351904818326699
0.0516526434537632
0.05176924439668542
0.11193081208205383
0.08188836628011051
0.07862601304814486
0.03699238114488433
0.03953903775842878
0.080734725449616
0.04122254790307252
0.08107242119862358
0.03431444730180966
0.038521191514846856
0.05086784081362792
0.08022553843083888
0.08429095247276522
0.035589902343870695
0.03872759045480402
0.08246603131171452
0.010035500920770284
0.0815694091781803
0.03643942659863005
0.08139928456426368
0.07813302056493016
0.06702638001990768
