1.3221132123350856
1.3694115521252004
1.2174134107865282
1.4549047546476916
1.269561991085183
1.5290330758148312
1.1014470452533016
1.4637949332223708
1.5492082331155608
1.6428714732364311
1.612976267182969
1.5289552883966233
1.3211648775503462
1.3107628002577023
1.3781527605294037
1.3167136116178286
1.3520379770303526
1.1499783057373039
1.2174134107865282
1.3328508660420186
1.3964865642896498
1.6460278980232053
1.2172057286557356
1.3779419334982952
1.3651810676108225
1.352178635371838
1.596161250383997
1.3960544099454706
1.2179826808696155
1.359283182999448
1.3973479360520649
