0.3333333333333333
0.12698412698412698
0.06349206349206349
0.031746031746031744
0.06349206349206349
0.3333333333333333
0.015873015873015872
0.3333333333333333
0.031746031746031744
0.3333333333333333
0.015873015873015872
0.15873015873015872
0.3333333333333333
0.047619047619047616
0.015873015873015872
0.3333333333333333
0.3333333333333333
0.06349206349206349
0.3333333333333333
0.3333333333333333
0.015873015873015872
0.3333333333333333
0.015873015873015872
0.09523809523809523
0.047619047619047616
0.09523809523809523
0.031746031746031744
0.3333333333333333
0.047619047619047616
0.047619047619047616
0.3333333333333333
