0.8347675739066979
0.4610764473488357
0.6234298921456256
0.6423946429445813
0.6327902173725007
0.6339060766935276
0.6915527094241021
0.8347675739066979
0.6423946429445813
0.8347675739066979
0.6915527094241021
0.637733973285713
0.6339060766935276
0.8405785818003716
0.675746813937059
0.8347675739066979
0.4948856607457753
0.6234298921456256
0.8326097638438975
0.8326097638438975
0.6915527094241021
0.8347675739066979
0.6915527094241021
0.5922469876131142
0.8405785818003716
0.639438418795025
0.6423946429445813
0.4891091553155037
0.8267610316341051
0.8405785818003716
0.8347675739066979
