0.2
0.08888888888888888
0.025396825396825397
0.009523809523809523
0.03809523809523809
0.2
0.006349206349206349
0.2
0.009523809523809523
0.2
0.0031746031746031746
0.11428571428571428
0.2
0.025396825396825397
0.006349206349206349
0.2
0.2032501461639004
0.025396825396825397
0.21050230649309656
0.21050230649309656
0.006349206349206349
0.2
0.006349206349206349
0.04444444444444444
0.025396825396825397
0.06349206349206349
0.015873015873015872
0.229694703541118
0.015873015873015872
0.025396825396825397
0.2
