0.07540251814586396
0.10127191289700538
0.11740579232348733
0.07346436330678442
0.07253710775070468
0.07737288574075124
0.049861416333428776
0.06348599523059624
0.13562643917113776
0.10847807610486196
0.05476115659353245
0.041317747597240134
0.09230361339050548
0.1039370295779338
0.08708228461578883
0.10310633283687466
0.07757671271374605
0.053983540731679575
0.052048129643779424
0.11497872661667802
0.13562643917113776
0.12077556046037813
0.08368733312369979
0.08292886576775764
0.10364970035646749
0.11170202678310227
0.07852941319056778
0.023533087956978744
0.11086960147139836
0.07857592755425515
0.05219169442731349
