0.47019991210284184
0.4021667274076077
0.5305746945249574
0.47267938034258333
0.5485286212856073
0.3879923667209769
0.4680913441522411
0.3896895353309709
0.5903024900092768
0.4668067643273158
0.47019991210284184
0.39129410655308494
0.4668067643273158
0.3525909619101001
0.46461098880390106
0.47019991210284184
0.47019991210284184
0.4622633339800042
0.4680913441522411
0.5245816229241856
0.5903024900092768
0.5243868453204777
0.4668067643273158
0.3580623056401399
0.3896895353309709
0.47267938034258333
0.47019991210284184
0.4021667274076077
0.3477758829233831
0.3580623056401399
0.4637015612023026
