0.12000000000000002
0.03103448275862069
0.6011132214431794
0.12000000000000002
0.05172413793103449
0.1329769147627595
0.1329769147627595
0.1280769046596533
0.6122034410990045
0.138415788414775
0.12000000000000002
0.08275862068965517
0.05517241379310345
0.0
0.15075767016449385
0.12000000000000002
0.12000000000000002
0.17228939118473355
0.1329769147627595
0.06206896551724138
0.6122034410990045
0.6176109397638907
0.138415788414775
0.0
0.1280769046596533
0.12000000000000002
0.12000000000000002
0.03103448275862069
0.08275862068965517
0.0
0.15757539064518594
