0.047828603362001065
0.04782848000506684
0.05532776379603873
0.049073374266551194
0.03767202079468143
0.049883244133807327
0.050991219747830226
0.03801946696550421
0.03845818139946751
0.0231196121517677
0.039214736805394515
0.03162531614901817
0.03250674314575515
0.05611008371072344
0.04485237133073206
0.020955759225672235
0.03866187136789342
0.03952001013627408
0.024206269663739052
0.026777435900893477
0.027672366445359326
0.04836930062495336
0.032707324131365755
0.016367208454034377
0.030586691407186787
0.04202707109474011
0.028473568709038305
0.05414987588882867
0.04846156182038759
0.04465474131435436
0.020506310383989156
