0.4263830020400248
0.4786054728717081
0.4697688150332497
0.4515753689992972
0.4523921188730519
0.4500230835916941
0.4220039042692653
0.46702278847909034
0.4399792353433924
0.36950144179323047
0.42551018463073387
0.4399229445848958
0.449174124391541
0.49322386079073915
0.4228918561348966
0.3760245611753889
0.4645183883566371
0.47121466253722816
0.39224957277466044
0.425965142713082
0.43233572270486764
0.497700072907572
0.36788858204241043
0.3637242298039498
0.3996492098774243
0.47568919866297893
0.4217962678360279
0.46482755077466037
0.42193393833705595
0.4397830215022069
0.35948718170513305
