0.07158664320334333
0.0707370435469084
0.08840901622149692
0.06823312758579254
0.1271282661559179
0.09208353504192923
0.11564164493461804
0.07401179575514154
0.07900675111175669
0.11336532567198036
0.10869719781056926
0.134240211770013
0.08180757013614864
0.11293504039105934
0.16076491296944193
0.12274328314393046
0.08216378265391534
0.09053136155230683
0.1713947735697979
0.09809805996990263
0.041355530642969165
0.1416837915415415
0.07162160082654555
0.08854613387559458
0.0756967262638399
0.10250242938119693
0.16734051319328583
0.10634629981408127
0.09622966361609327
0.08382142125192422
0.16046811358593988
