0.0918748310928823
0.08022622699705051
0.0804708944555045
0.026345662780693665
0.08468182828261896
0.08010991292072989
0.07637910908720645
0.09614144356618189
0.060580564243909
0.08539931414112281
0.10013367997056273
0.02173740731934455
0.10013367997056273
0.09571109421777704
0.10037089364019235
0.024609651734676927
0.09758498890554637
0.014175727442134111
0.08163571644084935
0.08196294949048345
0.08239551906142407
0.03875285268161737
0.08510763363314004
0.02806998239335036
0.08795807562570054
0.0938175680193673
0.09963175360196469
0.09393371812460863
0.060580564243909
0.07788021039829446
0.05375129904265588
