1.657730627098071
1.3677670106156312
1.621223962050763
1.2941889023381417
1.0727337679212259
1.5550416927079227
1.3168374392483597
1.288954426842431
1.2889544268424307
1.3559916938879901
1.0
1.2480913184274414
1.0
1.2901291570184679
1.0
1.355381220416407
1.5349608939768011
1.36435122568085
1.074944150404315
1.3628292081218067
1.3547716489609725
1.3613681850460286
1.0727337679212259
1.2901291570184676
1.36435122568085
1.6312860076716802
1.3628292081218043
1.3628292081218052
1.2889544268424307
1.245842599610064
1.3539916740587177
