0.0992885632441725
0.08029968510416909
0.022158573728572568
0.013361746452351686
0.10013367997056273
0.010023753002585263
0.09940905060282704
0.08203365769902864
0.12875016133859213
0.0990741263949764
0.09995301513098123
0.11930551192318328
0.07952252095174588
0.09976987791654328
0.10013367997056273
0.10013367997056273
0.0990741263949764
0.09876194371220277
0.08066607495424089
0.08029968510416909
0.09995301513098123
0.008258890651426378
0.10037089364019235
0.102063798807397
0.02366961988256976
0.1007625444821444
0.10005943536928896
0.09926826816489134
0.08029968510416909
0.10013367997056273
0.03073901508148399
