0.008620689655172414
0.017241379310344827
0.0
0.017241379310344827
0.030172413793103446
0.0
0.017241379310344827
0.05603448275862069
0.017241379310344827
0.0
0.017241379310344827
0.08189655172413794
0.0
0.030172413793103446
0.030172413793103446
0.030172413793103446
0.0
0.0
0.06896551724137931
0.017241379310344827
0.017241379310344827
0.017241379310344827
0.05603448275862069
0.08189655172413794
0.008620689655172414
0.05603448275862069
0.017241379310344827
0.0
0.017241379310344827
0.030172413793103446
0.017241379310344827
