0.13371040153571911
0.10333052378610418
0.08472465623125996
0.15079006621155236
0.13295490316119787
0.10395453518828035
0.13352793165540924
0.10225777785068027
0.05411412472336001
0.15122048130974286
0.13240433021384695
0.10590209803711569
0.12638714738988116
0.10061474154170101
0.10158671962546771
0.10345744631752941
0.10137159807635436
0.12961699208801852
0.10295282154334046
0.1005780994250463
0.10357645329864507
0.1002639451242773
0.10402638280335864
0.10161689936549148
0.13141917460246721
0.09914624259210894
0.13379231197705677
0.10327641011560484
0.1343513745380547
0.134722466019719
0.13341009913452517
