0.9213836477987422
0.9823899371069182
0.8823899371069183
0.9245283018867925
0.920125786163522
0.9867924528301887
0.9735849056603774
0.7666666666666666
0.9056603773584906
0.9433962264150944
0.9433962264150944
0.9389937106918239
0.9691823899371069
0.9345911949685535
0.7088050314465408
0.9389937106918239
0.7088050314465408
0.7666666666666666
0.9245283018867925
0.9433962264150944
0.9867924528301887
0.8823899371069183
0.9389937106918239
0.9245283018867925
0.9691823899371069
0.9345911949685535
0.9433962264150944
0.9867924528301887
0.9823899371069182
0.8635220125786164
0.9823899371069182
