0.05031446540880503
0.015723270440251572
0.053459119496855355
0.028301886792452827
0.03459119496855346
0.009433962264150943
0.028301886792452834
0.11666666666666665
0.03773584905660378
0.018867924528301886
0.018867924528301886
0.025157232704402514
0.03459119496855346
0.031446540880503145
0.13135590286421892
0.025157232704402514
0.13135590286421892
0.11666666666666665
0.028301886792452827
0.018867924528301886
0.009433962264150943
0.053459119496855355
0.025157232704402514
0.028301886792452827
0.03459119496855346
0.031446540880503145
0.018867924528301886
0.009433962264150943
0.015723270440251572
0.06289308176100629
0.015723270440251572
