1.3255932417436733
1.3453791184322013
1.276285467789836
1.1647995604176207
1.4958019841538865
1.3410884521159339
1.3004907506931092
1.1684003100453344
1.2707199767432915
1.1697625550031077
1.1612690593273816
1.3204129347652658
1.5554302615303972
1.3562577430424692
1.2201725885895642
1.3204129347652658
1.1842505101297356
1.1684003100453344
1.1616197935207881
1.117919260319447
1.327647869445682
1.3887123473508598
1.3505430177636146
1.1587245499830585
1.5329382007751429
1.3670719317902393
1.1612690593273816
1.32329164612967
1.2983183617314777
1.2997010146990966
1.2958265093728907
