0.8626887474361724
0.8761682227256592
0.8355724298744044
0.984262672882985
0.9300862710138261
0.9844985643315036
0.8626887474361724
0.986385695889189
0.8858847395281926
0.9301424318941954
0.8626887474361724
0.5068857601685094
0.8885244423614602
0.835572430112926
0.8761682227256592
0.9300862710138261
0.828125
0.828125
0.9350736880647172
0.8761682242990654
0.859375
0.8806613947470397
0.3413124681836413
0.8626887474361724
0.8761682242990654
0.9300862710138261
0.9350736880647172
0.8885244423614602
0.9300862710138261
0.9300862710138261
0.9300862710138261
