0.05738400527634364
0.06169341081088112
0.09635416666666667
0.031191271397764873
0.03688636485570879
0.031191271397764873
0.05738400527634364
0.025496177939820952
0.04648057848506638
0.050303223894993275
0.05738400527634364
0.29936506055153317
0.047303031522375465
0.09635416666666667
0.06169341081088112
0.03688636485570879
0.09635416666666667
0.09635416666666667
0.04160793806443154
0.047303031522375465
0.0703125
0.047303031522375465
0.419737631731854
0.05738400527634364
0.047303031522375465
0.03688636485570879
0.04160793806443154
0.047303031522375465
0.03688636485570879
0.03688636485570879
0.03688636485570879
