0.5327102803738317
0.06542056074766354
0.28125
0.6153846153846154
0.07692304024329555
0.06542056074766354
0.140625
0.06542056074766354
0.140625
0.07692304024329555
0.4615384707084069
0.06542056074766354
0.384615421295166
0.06542056074766354
0.06542056074766354
0.384615421295166
0.07692304024329555
0.384615421295166
0.06542056074766354
0.171875
0.07692304024329555
0.4615384707084069
0.06542056074766354
0.384615421295166
0.140625
0.06542056074766354
0.06542056074766354
0.140625
0.384615421295166
0.06542056074766354
0.384615421295166
