0.2726240260185106
0.29080365179801443
0.21269526921071816
0.28336484607412693
0.29230058908819434
0.22367534381220325
0.2972681733474988
0.29080365179801443
0.19146289737676273
0.29230058908819434
0.2524837757316615
0.29080365179801443
0.2225660773161137
0.2364556977829048
0.2928784109263561
0.27584354724870075
0.29230058908819434
0.26343435831201895
0.22897113243380737
0.2962626852826966
0.29230058908819434
0.2502037158982394
0.29645874055557225
0.2483761451811846
0.20118069946198816
0.29080365179801443
0.2364556977829048
0.2972681733474988
0.24501642091190154
0.2330877421474662
0.26343435831201895
