0.4318032564318135
0.03688636485570879
0.19345516881904212
0.46762920433991945
0.05738400527634364
0.047303031522375465
0.0703125
0.03688636485570879
0.0703125
0.05738400527634364
0.36694401654177683
0.03688636485570879
0.28157659444084787
0.047303031522375465
0.04160793806443154
0.28157659444084787
0.05738400527634364
0.25739390355181246
0.04160793806443154
0.09635416666666667
0.05738400527634364
0.37381135263866994
0.047303031522375465
0.34996617366780347
0.0703125
0.03688636485570879
0.047303031522375465
0.0703125
0.338349722690753
0.035912844606487616
0.25739390355181246
