0.9433962264150944
0.9867924528301887
0.9345911949685535
0.9867924528301887
0.9779874213836478
0.9389937106918239
0.9389937106918239
0.9389937106918239
0.9867924528301887
0.7666666666666666
0.9823899371069182
0.9867924528301887
0.9867924528301887
0.9867924528301887
0.930188679245283
0.9823899371069182
0.7666666666666666
0.9867924528301887
0.9823899371069182
0.930188679245283
0.9867924528301887
0.7666666666666666
0.9867924528301887
0.9867924528301887
0.920125786163522
0.9867924528301887
0.9867924528301887
0.9823899371069182
0.9823899371069182
0.9867924528301887
0.9345911949685535
