1.1664974288954435
1.3689207002668486
1.5413480444238177
1.3500494530809979
1.494134670996312
1.342621420973227
1.248197334250298
1.3668513905251582
1.3659656933543347
1.1805384118719853
1.3693180627005994
1.3449861629069135
1.3500494530809979
1.3673361965578839
1.457292343216654
1.3974409509830252
1.1949420541824007
1.3500494530809979
1.3693180627005994
1.2782843029743987
1.3500494530809979
1.1710343650261665
1.3500494530809979
1.3673361965578839
1.460998437222345
1.3500494530809979
1.3673361965578834
1.3693180627005994
1.3693180627005994
1.367336196557883
1.4786245620405496
