0.19047619047619047
0.015873015873015872
0.015873015873015872
0.031746031746031744
0.3333333333333333
0.047619047619047616
0.031746031746031744
0.07936507936507936
0.047619047619047616
0.047619047619047616
0.015873015873015872
0.015873015873015872
0.1111111111111111
0.047619047619047616
0.06349206349206349
0.06349206349206349
0.015873015873015872
0.047619047619047616
0.015873015873015872
0.031746031746031744
0.031746031746031744
0.031746031746031744
0.047619047619047616
0.1746031746031746
0.031746031746031744
0.1746031746031746
0.047619047619047616
0.047619047619047616
0.031746031746031744
0.031746031746031744
0.031746031746031744
