0.9365079365079365
0.9947089947089947
0.9947089947089947
0.9894179894179894
0.6666666666666667
0.9841269841269842
0.9894179894179894
0.9735449735449735
0.9841269841269842
0.9735449735449735
0.9947089947089947
0.9841269841269842
0.962962962962963
0.9841269841269842
0.9788359788359788
0.9788359788359788
0.9947089947089947
0.9841269841269842
0.9947089947089947
0.9894179894179894
0.9894179894179894
0.9894179894179894
0.9841269841269842
0.9417989417989419
0.9894179894179894
0.9417989417989419
0.9735449735449735
0.9841269841269842
0.9894179894179894
0.9894179894179894
0.9894179894179894
