0.10158730158730159
0.0031746031746031746
0.0031746031746031746
0.009523809523809523
0.2
0.015873015873015872
0.009523809523809523
0.03492063492063492
0.015873015873015872
0.019047619047619046
0.0031746031746031746
0.006349206349206349
0.053968253968253964
0.015873015873015872
0.025396825396825397
0.025396825396825397
0.0031746031746031746
0.015873015873015872
0.0031746031746031746
0.009523809523809523
0.009523809523809523
0.009523809523809523
0.015873015873015872
0.09206349206349206
0.009523809523809523
0.09206349206349206
0.019047619047619046
0.015873015873015872
0.009523809523809523
0.009523809523809523
0.009523809523809523
