0.10013367997056273
0.10013367997056273
0.08138153236294113
0.08213998772415229
0.10037089364019235
0.0987503127792678
0.09927082596555717
0.10013367997056273
0.10161561746778239
0.08066607495424089
0.07605239451553927
0.02233969209624675
0.08679934409772627
0.10069083608187998
0.08102415194823545
0.10013367997056273
0.10013367997056273
0.05859279255063958
0.0797349587597949
0.10343735597596482
0.10005943536928896
0.08345468769895346
0.08029968510416909
0.10013367997056273
0.09685008110894007
0.008620689655172415
0.10013367997056273
0.09758498890554637
0.10423532814827013
0.09626854429311738
0.10013367997056273
