0.8625860518171717
0.8625860518171717
0.7751030820299872
0.7761091610496116
0.8606885499550817
0.4958957592506778
0.5261418157172842
0.8625860518171717
0.4639973604861449
0.7741916934841783
0.5549046268679141
0.5549046268679141
0.4682423442914731
0.4940189235136001
0.4958957592506778
0.8625860518171717
0.8625860518171717
0.4958957592506778
0.48682096218949994
0.4682423442914731
0.8636623206107849
0.49791479579978104
0.7784038873177664
0.8625860518171717
0.7741916934841783
0.49069825761233477
0.8625860518171717
0.46569600782419096
0.5261418157172842
0.7784038873177664
0.8625860518171717
