0.384615421295166
0.07692304024329555
0.384615421295166
0.06542056074766354
0.06542056074766354
0.06542056074766354
0.07692304024329555
0.171875
0.06542056074766354
0.06542056074766354
0.06542056074766354
0.06542056074766354
0.4672897196261682
0.06542056074766354
0.06542056074766354
0.06542056074766354
0.06542056074766354
0.06542056074766354
0.06542056074766354
0.06542056074766354
0.171875
0.384615421295166
0.06542056074766354
0.06542056074766354
0.06542056074766354
0.06542056074766354
0.06542056074766354
0.06542056074766354
0.171875
0.06542056074766354
0.06542056074766354
