0.034482758620689655
0.017241379310344827
0.034482758620689655
0.034482758620689655
0.034482758620689655
0.05172413793103448
0.0
0.017241379310344827
0.08620689655172414
0.034482758620689655
0.034482758620689655
0.0
0.034482758620689655
0.10344827586206896
1.0
0.0
0.034482758620689655
0.13793103448275862
0.05172413793103448
0.10344827586206896
0.017241379310344827
0.017241379310344827
0.034482758620689655
0.15517241379310345
0.10344827586206896
0.05172413793103448
0.08620689655172414
0.034482758620689655
0.017241379310344827
0.0
0.05172413793103448
