0.02245434016868984
0.03422990065655668
0.08058115418013535
0.080748601778449
0.07788988881631405
0.09812533554311802
0.0813737505413775
0.09236199037094116
0.026726673964213413
0.07861161504350594
0.09867910021409687
0.033185960385474784
0.10005943536928896
0.02507349513299819
0.11596570770531774
0.07198467271214637
0.028307131978827837
0.016719551500634422
0.10013367997056273
0.09531673245800727
0.084646281616626
0.09470025307434915
0.08937951685278417
0.08213273493787474
0.08066607495424089
0.08699665864907237
0.10037089364019235
0.07603281835037362
0.09081522088042746
0.010023753002585263
0.0801670384583462
