0.9655172413793104
0.9827586206896551
0.9655172413793104
0.9655172413793104
0.9655172413793104
0.9482758620689655
1.0
0.9827586206896551
0.9137931034482758
0.9655172413793104
0.9655172413793104
1.0
0.9655172413793104
0.896551724137931
0.0
1.0
0.9655172413793104
0.8620689655172413
0.9482758620689655
0.896551724137931
0.9827586206896551
0.9827586206896551
0.9655172413793104
0.8448275862068966
0.896551724137931
0.9482758620689655
0.9137931034482758
0.9655172413793104
0.9827586206896551
1.0
0.9482758620689655
