0.4958957592506778
0.5549046268679141
0.4958957592506778
0.7784038873177664
0.49429263413500124
0.7772095628195398
0.5000743107680405
0.48373899837551443
0.49069825761233477
0.45999599466093444
0.7784038873177664
0.5000743107680405
0.8636623206107849
0.5471496792966047
0.8486525001510191
0.5000743107680405
0.4958957592506778
0.4820376390377207
0.8625860518171717
0.7741916934841783
0.46822250470800925
0.5549046268679141
0.46409745302120875
0.4858276828829438
0.7741916934841783
0.4940189235136001
0.8606885499550817
0.4958957592506778
0.4639973604861449
0.5000743107680405
0.7772095628195398
