0.017241379310344827
0.008620689655172414
0.017241379310344827
0.017241379310344827
0.017241379310344827
0.030172413793103446
0.0
0.008620689655172414
0.05603448275862069
0.017241379310344827
0.017241379310344827
0.0
0.017241379310344827
0.06896551724137931
0.7597441225418753
0.0
0.017241379310344827
0.09482758620689655
0.030172413793103446
0.06896551724137931
0.008620689655172414
0.008620689655172414
0.017241379310344827
0.10775862068965517
0.06896551724137931
0.030172413793103446
0.05603448275862069
0.017241379310344827
0.008620689655172414
0.0
0.030172413793103446
