0.9447452367539836
0.9300862710138261
0.984262672882985
0.9300862710138261
0.9300862710138261
0.9121697514413674
0.9300862710138261
0.984262672882985
0.8885244423614602
0.9300862710138261
0.9300862710138261
0.9447452367539836
0.984262672882985
0.9300862710138261
0.9863070654063495
0.9863070654063495
0.984262672882985
0.9300862710138261
0.9300862710138261
0.9844985643315036
0.9844985643315036
0.9300862710138261
0.8885244423614602
0.9300862710138261
0.94362194414199
0.9429367356791377
0.9546189812942
0.9300862710138261
0.8641826923076923
0.8885244423614602
0.9863070654063495
