0.2330877421474662
0.29080365179801443
0.28844785881748514
0.29080365179801443
0.29080365179801443
0.2444253562234394
0.29080365179801443
0.28844785881748514
0.23370563184461532
0.29080365179801443
0.29080365179801443
0.2330877421474662
0.28844785881748514
0.29080365179801443
0.2903073148967722
0.2903073148967722
0.28844785881748514
0.29080365179801443
0.29080365179801443
0.22837448797855667
0.22837448797855667
0.29080365179801443
0.23370563184461532
0.29080365179801443
0.23123282999582026
0.2266322935729765
0.2613808847309615
0.29080365179801443
0.2406173115278358
0.23370563184461532
0.2903073148967722
