0.020410647486003075
0.140735100842952
0.11451187990638743
0.032869866029930334
0.1807495162964446
0.1140790572236922
0.11411294816905393
0.14109894828170233
0.11353791816113736
0.14109894828170233
0.14161040826469698
0.004876598490941705
0.00975319698188341
0.11712854770818762
0.14109894828170233
0.030753363027386516
0.008617654665823045
0.13828554444911365
0.14161040826469698
0.14154698218113096
0.14161040826469698
0.14109894828170233
0.17206104711233408
0.004876598490941705
0.11535069985765542
0.11293250493593733
0.11519721142499406
0.1405856275851513
0.14175727442134106
0.0
0.14109894828170233
