0.5000743107680405
0.484295582937522
0.7784038873177664
0.5530936675517877
0.6025855902517687
0.7741916934841783
0.4879645413132726
0.7784038873177664
0.5000743107680405
0.7784038873177664
0.8625860518171717
0.4958957592506778
0.4922859150092839
0.5422379539141094
0.7784038873177664
0.4958957592506778
0.4885459754313585
0.5000743107680405
0.8625860518171717
0.49069825761233477
0.8625860518171717
0.7784038873177664
0.4682423442914731
0.4958957592506778
0.5471496792966047
0.5000743107680405
0.7420641428137942
0.7784038873177664
0.8615946971265132
0.5000743107680405
0.7784038873177664
