0.7232704402515723
0.5930817610062893
0.9867924528301887
0.9245283018867925
0.8779874213836478
0.9691823899371069
0.9867924528301887
0.9056603773584906
0.679874213836478
0.679874213836478
0.7666666666666666
0.7666666666666666
0.9056603773584906
0.9245283018867925
0.9056603773584906
0.7088050314465408
0.8679245283018868
0.9433962264150944
0.9245283018867925
0.9433962264150944
0.9779874213836478
0.7666666666666666
0.9867924528301887
0.8301886792452831
0.9069182389937107
0.7232704402515723
0.9867924528301887
0.9389937106918239
0.9433962264150944
0.9433962264150944
0.9867924528301887
