0.380078914076417
0.6628226995655305
0.5442166071600837
0.5531988173451454
0.483701616889727
0.3879714211017584
0.5442166071600837
0.3831149862675507
0.5423582261179091
0.483701616889727
0.5472630250346754
0.548990968186072
0.5522684955539149
0.5531988173451454
0.3831149862675507
0.4857010074635429
0.5507264376221863
0.5542346416769278
0.5531988173451454
0.5542346416769278
0.38835053459870944
0.548990968186072
0.5424734564281056
0.5496120375125266
0.4857010074635429
0.5451951636155757
0.5442166071600837
0.5409176943400066
0.5542346416769278
0.5542346416769278
0.5442166071600837
