1.3139597790184447
1.05790745566694
1.322624395743938
1.1144630396988402
1.2655422922188289
1.4287063618554885
1.3232916461296744
1.4387811660491596
1.1630286976647128
1.0765566009111227
1.161791236158586
1.1684003100453344
1.0
1.1126753369979545
1.4271429281050199
1.1793835768913614
1.0
1.1612690593273816
1.0641564519074822
1.1612690593273816
1.399576471363383
1.1684003100453344
1.296733491594258
1.1551459917719284
1.3802440513806633
1.1208865133857129
1.3232916461296744
1.240403415762293
1.1612690593273816
1.115885811377074
1.3232916461296744
