0.047619047619047616
0.047619047619047616
0.10909090909090909
0.07272727272727272
0.047619047619047616
0.047619047619047616
0.047619047619047616
0.36363636363636365
0.10909090909090909
0.047619047619047616
0.10909090909090909
0.14545454545454545
0.047619047619047616
0.047619047619047616
0.10909090909090909
0.047619047619047616
0.047619047619047616
0.047619047619047616
0.047619047619047616
0.10909090909090909
0.047619047619047616
0.047619047619047616
0.047619047619047616
0.047619047619047616
0.21818181818181817
0.2545454545454545
0.047619047619047616
0.10909090909090909
0.10909090909090909
0.10909090909090909
0.047619047619047616
