0.05257386622588569
0.12477404772280078
0.05137880446895036
0.05000000037252903
0.12477404772280078
0.12530191008709315
0.032314042260222775
0.08214985246675262
0.099813517635115
0.12477404772280078
0.10037982196069903
0.1006648184303519
0.12530191008709315
0.032383022359143976
0.0984990647782143
0.12530191008709315
0.0513030771357344
0.10028684676432345
0.12417977780529485
0.031054988579456832
0.04215175162194744
0.030126335441827523
0.12477404772280078
0.0513030771357344
0.12429134018233672
0.08748497578096295
0.12477457760512246
0.029251880782894715
0.03934727190480895
0.03199405960216093
0.12477457760512246
