0.5760957397131915
0.5760957397131915
0.4868847143483347
0.5760957397131915
0.5760957397131915
0.883153230911587
0.48812175672578545
0.5242880629028192
0.4868847143483347
0.5760957397131915
0.4664430190300351
0.7655437682802724
0.883153230911587
0.48812175672578545
0.48296992105710107
0.883153230911587
0.5760957397131915
0.568768732934242
0.48812175672578545
0.48486986668704113
0.4868502644218028
0.4959322532385749
0.5760957397131915
0.5760957397131915
0.43427010391955273
0.518642018303882
0.5732915146937215
0.48486986668704113
0.48486986668704113
0.48486986668704113
0.5732915146937215
