0.011904761904761904
0.011904761904761904
0.07200941750488951
0.03636363636363636
0.011904761904761904
0.023809523809523808
0.023809523809523808
0.2545454545454545
0.07200941750488951
0.011904761904761904
0.07200941750488951
0.09635888528715805
0.023809523809523808
0.023809523809523808
0.07200941750488951
0.023809523809523808
0.011904761904761904
0.023809523809523808
0.023809523809523808
0.07200941750488951
0.02919323465760608
0.011904761904761904
0.011904761904761904
0.011904761904761904
0.14863766850017912
0.1727272727272727
0.020995670995670995
0.07200941750488951
0.07200941750488951
0.07200941750488951
0.020995670995670995
