1.178598623501905
1.178598623501905
1.1222708470967269
1.0
1.178598623501905
1.0
1.3114894146460176
1.3556668869608743
1.2597009292102321
1.178598623501905
1.3557542002324217
1.0707845188316951
1.0
1.329063534392846
1.4448878405725172
1.0
1.178598623501905
1.2408463632302549
1.2660809289554693
1.4437600674039341
1.2678781972583504
1.3052059082196779
1.178598623501905
1.178598623501905
1.5421172987178426
1.3326192073449237
1.1804891399469586
1.4052428717095853
1.4437600674039341
1.4437600674039415
1.1804891399469586
