0.12601626016260162
0.12262841277186488
0.1910569105691057
0.1004164738546969
0.15224433132808884
0.16260162601626016
0.1911152244331328
0.09023600185099491
0.15826006478482185
0.14021286441462286
0.22026839426191577
0.18648773715872283
0.17769551133734382
0.13142063859324388
0.11522443313280889
0.17491901897269782
0.10569105691056911
0.13142063859324388
0.11661267931513189
0.14227642276422764
0.11244794076816289
0.18699186991869918
0.14715409532623785
0.13414634146341464
0.16288755205923183
0.17121702915316983
0.14227642276422764
0.15178158260064784
0.15826006478482185
0.0975609756097561
0.13327163350300786
