0.04584906407647795
0.07172847843765856
0.03873368077669694
0.02571772935989436
0.03724867677413767
0.03193259755469528
0.06416350418865525
0.03875436473710458
0.06048404596497158
0.02577270203973267
0.03833840548608126
0.048721460471640526
0.06561237364007663
0.04862235530066124
0.05154268184767109
0.04169118481209946
0.022509564469566166
0.06366855486831628
0.07986080132043868
0.06139996941257511
0.038424515747873964
0.0464118749563914
0.05854540270524378
0.05033191055598105
0.03987567783537954
0.04654877487981435
0.028931185754932188
0.041623317288495276
0.0334012751732995
0.036298029368445374
0.03568414506079924
