0.7922878974277944
0.809426530174603
0.6925241626317236
0.8812993081342197
0.8408633461623835
0.7443971663224268
0.7661388321426019
0.8579888112624764
0.8280531070002973
0.7689153245072478
0.6783031041786586
0.7639078565704676
0.6819110393787879
0.8650485509945335
0.8200358912427624
0.7948950914775228
0.8065747941144381
0.7555934282156332
0.8007941972062016
0.7362689661140016
0.8117854200291194
0.7076669563548944
0.7557740130848788
0.7648841435198248
0.7894719021230009
0.818675861446259
0.7541299383377915
0.827530163316441
0.7835709153019342
0.8289409826074198
0.7715996433448832
