0.40517864184490543
0.5054632688037061
0.4228773607739314
0.36883710739593395
0.38871350105793173
0.4137037923438402
0.4779539677577163
0.4090292840021282
0.47209417865410314
0.379493930874291
0.37746793182455757
0.4379351301808349
0.4852825550244642
0.3966936547575292
0.45537505742247353
0.3740130080378214
0.39078056756731283
0.4751401584288974
0.4888922338446307
0.4186193707679762
0.4273177097928204
0.37710907875347616
0.4697492563469176
0.45267533209087424
0.39533417306470237
0.4307843938615994
0.40347643397062033
0.4222216848601485
0.40086881774845345
0.42801300862230846
0.4049425065331281
