0.09259405003931903
0.09011530493004433
0.14846015120703046
0.05667030105382631
0.08856787288390605
0.11798668443605832
0.12684775387592157
0.06179021546889241
0.09447818507119099
0.10970224310087394
0.1698142046820904
0.12535768164510813
0.15750613980583597
0.073816246306605
0.08269126735720465
0.11103365765898178
0.08602793745241477
0.11448325053817265
0.0912619284976401
0.12519091253994044
0.08566919711353678
0.13914485816045122
0.11688830543139357
0.10818728531820021
0.10746806555294758
0.10409793708887809
0.11392800352551202
0.09152607557135857
0.10800655114582003
0.07373087345146272
0.10726133810680673
