0.047619047619047616
0.10909090909090909
0.047619047619047616
0.047619047619047616
0.10909090909090909
0.047619047619047616
0.10909090909090909
0.047619047619047616
0.047619047619047616
0.14545454545454545
0.16363636363636364
0.047619047619047616
0.047619047619047616
0.047619047619047616
0.10909090909090909
0.10909090909090909
0.047619047619047616
0.047619047619047616
0.047619047619047616
0.047619047619047616
0.047619047619047616
0.047619047619047616
0.047619047619047616
0.047619047619047616
0.047619047619047616
0.047619047619047616
0.2909090909090909
0.10909090909090909
0.047619047619047616
0.10909090909090909
0.047619047619047616
