0.12414514076567978
0.09782752861180487
0.10065578715502418
0.03096508139178168
0.09941102207965341
0.02717146935985764
0.09944992910626933
0.12530191008709315
0.12477404772280078
0.06361303564745192
0.10045005736887219
0.0513030771357344
0.12530191008709315
0.09980727127582656
0.10047937105957379
0.027891716282436033
0.12477404772280078
0.12477457760512246
0.03165599115654771
0.054207128202995315
0.056214130509721086
0.12477404772280078
0.12470538408372744
0.0513030771357344
0.12477404772280078
0.10147645404209964
0.12740694615296902
0.053164993925131084
0.0307434904264472
0.03421972666383719
0.12530191008709315
