1.2423048704411068
1.443760067403937
1.0664544716923114
1.273730447929599
1.4648447274070853
1.2336270991544362
1.4003500780730327
1.0
1.178598623501905
1.3118152491703254
1.339982504428934
1.178598623501905
1.0
1.3061545799417125
1.2676311371271516
1.2327797787443577
1.178598623501905
1.1804891399469586
1.3052059082196776
1.2694725717227082
1.178598623501905
1.178598623501905
1.2325117880267578
1.178598623501905
1.178598623501905
1.3052059082196723
1.328544554748531
1.4437600674039415
1.3052059082196779
1.443760067403941
1.0
