0.020146218688963383
0.0029315098498948044
0.0374322271766985
3.667978143440106E-9
0.004583839458386917
0.0015625000000059211
4.100924232066206E-9
3.758559144144604E-9
4.693722317794025E-9
0.022522561162855094
3.736119784644672E-9
4.301085617207528E-9
3.667978143440106E-9
0.02024666574688478
0.020221817061679633
5.486662678523443E-9
0.022431967492830517
3.758559144144604E-9
4.3400102643869285E-9
0.022822820826666108
0.015640363137779504
0.0336835478776781
3.667978143440106E-9
5.455924830701272E-9
3.690831810794689E-9
0.024471006295955968
3.667978143440106E-9
0.032250169254155
3.667978143440106E-9
0.022522561162855094
0.04280962606564944
