0.9323890171181826
0.9303446261682242
0.8451765814684278
0.8626887474361724
0.8806613947470397
0.986621587333021
0.9300862710138261
0.9300862710138261
0.9300862710138261
0.9350736880647172
0.9300862710138261
0.9878796750397068
0.8626887474361724
0.9350736880647172
0.9447452367539836
0.9300862710138261
0.8851545645254795
0.9300862710138261
0.9300862710138261
0.9448238672368231
0.9844985643315036
0.8394140904643094
0.8626887474361724
0.9300862710138261
0.9300862710138261
0.8806613947470397
0.8626887474361724
0.8806613947470397
0.8626887474361724
0.9350736880647172
0.859375
