0.231877156626301
0.2928784109263561
0.19336613702224278
0.29230058908819434
0.2364556977829048
0.23611115390710402
0.29080365179801443
0.29080365179801443
0.29080365179801443
0.22897113243380737
0.29080365179801443
0.23605370207483092
0.29230058908819434
0.22897113243380737
0.2330877421474662
0.29080365179801443
0.24986039936805704
0.29080365179801443
0.29080365179801443
0.22657243820473108
0.22837448797855667
0.2038256761467595
0.29230058908819434
0.29080365179801443
0.29080365179801443
0.2364556977829048
0.29230058908819434
0.2364556977829048
0.29230058908819434
0.22897113243380737
0.20627202149993298
