1.2637525333509978
1.067252719809151
1.4152796012033406
1.0
1.2582913160774567
1.4088329772788148
1.0522350510663574
1.0522350510663574
1.0522350510663574
1.4884038761801546
1.0522350510663574
1.406041360298604
1.0
1.4884038761801546
1.267511614189406
1.0522350510663574
1.1547690488838622
1.0522350510663574
1.0522350510663574
1.4764047723604599
1.4965577210103982
1.324697695529226
1.0
1.0522350510663574
1.0522350510663574
1.2582913160774563
1.0
1.258291316077451
1.0
1.4884038761801546
1.2798955232719187
