0.7772095628195398
0.7741916934841783
0.46409745302120875
0.5514115503257232
0.5514115503257232
0.46021808406663256
0.4885459754313585
0.8625860518171717
0.46021808406663256
0.4958957592506778
0.8579210554913607
0.4940189235136001
0.7751030820299872
0.4958957592506778
0.48965593127673107
0.8579210554913607
0.5471496792966047
0.41749333382028386
0.7733753301778358
0.5514115503257232
0.549859457643141
0.8564037992097141
0.8567508375378916
0.7751030820299872
0.49069825761233477
0.5449721554998859
0.7751030820299872
0.549859457643141
0.4207073202377353
0.4958957592506778
0.4885459754313585
