0.030172413793103446
0.06896551724137931
0.017241379310344827
0.030172413793103446
0.030172413793103446
0.030172413793103446
0.030172413793103446
0.030172413793103446
0.030172413793103446
0.017241379310344827
0.10775862068965517
0.030172413793103446
0.05603448275862069
0.017241379310344827
0.0
0.10775862068965517
0.06896551724137931
0.030172413793103446
0.08189655172413794
0.030172413793103446
0.04310344827586207
0.1724137931034483
0.22413793103448276
0.05603448275862069
0.05603448275862069
0.09482758620689655
0.05603448275862069
0.04310344827586207
0.09482758620689655
0.017241379310344827
0.030172413793103446
