0.08860183031821067
0.062105654524246934
0.06747924097309994
0.3373043367443823
0.03537870703104392
0.06769891874149302
0.06914587571417828
0.08518367653017242
0.06008463082704098
0.06597070294963064
0.0657201051892254
0.07240975093506626
0.06746086734887652
0.06008463082704098
0.05180141770381422
0.07102931437769207
0.03535533932274518
0.06008463082704098
0.06009838395650742
0.0674547416953154
0.0674547416953154
0.05180141770381422
0.06867266129309703
0.0681846496063328
0.06746086734887652
0.060125880777812786
0.06720967754420615
0.05187626824188059
0.06914587571417828
0.08242717297711544
0.07032893598092008
