0.9523809523809523
0.9965367965367965
0.9948051948051948
0.9956709956709957
0.9090909090909091
0.9965367965367965
0.9965367965367965
0.9965367965367965
0.9965367965367965
0.9965367965367965
0.9965367965367965
0.9965367965367965
0.9956709956709957
0.9965367965367965
0.8874458874458874
0.9965367965367965
0.9272727272727272
0.9965367965367965
0.9956709956709957
0.9965367965367965
0.9965367965367965
0.8874458874458874
0.9956709956709957
0.9965367965367965
0.9956709956709957
0.9948051948051948
0.9965367965367965
0.8865800865800866
0.9965367965367965
0.9965367965367965
0.9965367965367965
