1.0
1.180449098801106
1.1823592030454013
1.1308599903979166
1.0
1.1804490988011038
1.1804490988011032
1.1804490988010972
1.3151007342277652
1.1804490988011045
1.1804490988011047
1.1804490988011016
1.1813627404610325
1.3151007342277652
1.4688156863641282
1.1804490988011023
1.0
1.3151007342277652
1.3160801620438916
1.1804490988011038
1.1804490988011038
1.4688156863641282
1.1813627404610325
1.1804490988011036
1.1813627404610325
1.317101034357956
1.180449098801104
1.4700071359580231
1.1804490988011032
1.1804490988010972
1.1804490988011025
