0.9956709956709957
0.9965367965367965
0.9965367965367965
0.8874458874458874
0.9948051948051948
0.9965367965367965
0.8874458874458874
0.9913419913419913
0.9826839826839827
0.9965367965367965
0.8874458874458874
0.9956709956709957
0.9965367965367965
0.9913419913419913
0.9965367965367965
0.9965367965367965
0.9965367965367965
0.9913419913419913
0.9965367965367965
0.9956709956709957
0.9965367965367965
0.9965367965367965
0.8857142857142857
0.9948051948051948
0.9965367965367965
0.9956709956709957
0.9965367965367965
0.8857142857142857
0.9965367965367965
0.9965367965367965
0.9965367965367965
