0.5746234301171995
0.5760957397131915
0.4959322532385749
0.48486986668704113
0.5732915146937215
0.5760957397131915
0.47323713666883205
0.48812175672578545
0.5697486937615233
0.5742817465810532
0.4781127634742964
0.5746234301171995
0.5760957397131915
0.48812175672578545
0.4959322532385749
0.5760957397131915
0.5742817465810532
0.48812175672578545
0.5760957397131915
0.5746234301171995
0.5760957397131915
0.5760957397131915
0.4811054187854731
0.48141029939645696
0.5760957397131915
0.5746234301171995
0.4959322532385749
0.4811054187854731
0.5760957397131915
0.5760957397131915
0.5760957397131915
