0.984262672882985
0.9863070654063495
0.984262672882985
0.9429367356791377
0.8885244423614602
0.9323890186915887
0.9301424318941954
0.9300862710138261
0.9432961917090638
0.984262672882985
0.9418134430671441
0.9840604812870944
0.8885244423614602
0.984262672882985
0.9863070654063495
0.984262672882985
0.9339503954527236
0.9339616267515398
0.9300862710138261
0.984262672882985
0.984262672882985
0.986621587333021
0.9300862710138261
0.984262672882985
0.9300862710138261
0.9300862710138261
0.9350736880647172
0.9844985643315036
0.9300862710138261
0.9634255932538223
0.683714505775626
