0.28844785881748514
0.2903073148967722
0.28844785881748514
0.2266322935729765
0.23370563184461532
0.29529361853121766
0.2498803442712131
0.29080365179801443
0.2204452260632218
0.28844785881748514
0.2266322935729765
0.28897451350991854
0.23370563184461532
0.28844785881748514
0.2903073148967722
0.28844785881748514
0.22897113243380737
0.22834560394853112
0.29080365179801443
0.28844785881748514
0.28844785881748514
0.23611115390710402
0.29080365179801443
0.28844785881748514
0.29080365179801443
0.29080365179801443
0.22897113243380737
0.22837448797855667
0.231799765414866
0.24410278708952757
0.19785748507447512
