0.9113207547169812
0.8490566037735849
0.9389937106918239
0.9389937106918239
0.8779874213836478
0.9691823899371069
0.7666666666666666
0.7232704402515723
0.7088050314465408
0.9779874213836478
0.9635220125786164
0.7666666666666666
0.9867924528301887
0.7522012578616352
0.9867924528301887
0.9647798742138365
0.9867924528301887
0.9867924528301887
0.9245283018867925
0.9257861635220126
0.9647798742138365
0.9867924528301887
0.9867924528301887
0.9867924528301887
0.9867924528301887
0.9056603773584906
0.9691823899371069
0.9823899371069182
0.8679245283018868
0.8867924528301887
0.9433962264150944
