0.3725661067700426
0.5501155945265926
0.5409176943400066
0.5409176943400066
0.483701616889727
0.3879714211017584
0.548990968186072
0.380078914076417
0.3785668691299113
0.5440712213667407
0.5409286139472952
0.548990968186072
0.5442166071600837
0.5476202863766007
0.5373006200841574
0.5442620322560635
0.5442166071600837
0.5442166071600837
0.5531988173451454
0.43670130735256046
0.49046363756534445
0.5442166071600837
0.5442166071600837
0.5442166071600837
0.5442166071600837
0.3831149862675507
0.492315750606686
0.5441166586001245
0.4930663422299226
0.38898962908848517
0.5542346416769278
