1.3453340645263987
1.121872237355893
1.3388092421912616
1.3210009032705508
1.228406664058085
1.441116711244271
1.1684003100453344
1.322717222698375
1.3220955205467033
1.2731287745739706
1.2570160528904832
1.1684003100453344
1.191567929436864
1.173563547446548
1.4211975105900874
1.3200100200784572
1.3232916461296755
1.271331500164372
1.1126753369979545
1.4585373527777339
1.4440973962366086
1.3232916461296786
1.3120233961130077
1.3239456145841653
1.3232916461296726
1.4308260831807191
1.2541792028094285
1.3453791184322013
1.2020660320412382
1.2836465060594593
1.1612690593273816
