0.045916861241570024
0.05985658966013701
0.05476381435456028
0.0832240622136502
0.07531394632530229
0.057983540768927026
0.05625017751606217
0.04725739545881225
0.06008463082704098
0.060125880777812786
0.07661722417709892
0.07812145068941312
0.08440529047906199
0.0757648273062175
0.085763552741802
0.061969056244340355
0.06769891874149302
0.07398771507201177
0.05180141770381422
0.031592429871213745
0.04188968574680303
0.02983419247073546
0.08203267622582083
0.05354502475784778
0.08040256051010936
0.08460158412322664
0.08440529047906199
0.0696215122749549
0.07195254816410065
0.05196166832674441
0.058831073973355956
