0.4599529250995571
0.4959322532385749
0.5760957397131915
0.5760957397131915
0.5760957397131915
0.5760957397131915
0.5760957397131915
0.4774843972367894
0.4959322532385749
0.49267195912333217
0.5760957397131915
0.5732915146937215
0.5760957397131915
0.5732915146937215
0.5746234301171995
0.48600208345779433
0.5760957397131915
0.5760957397131915
0.48486986668704113
0.4959322532385749
0.568768732934242
0.4959322532385749
0.5732915146937215
0.5760957397131915
0.5746234301171995
0.5746234301171995
0.5760957397131915
0.5760957397131915
0.5760957397131915
0.4811054187854731
0.5760957397131915
