1.5292569711520592
1.3151007342277652
1.180449098801109
1.1804490988010972
1.1804490988011
1.1804490988011076
1.1804490988011083
1.480031671602891
1.3151007342277652
1.317101034357956
1.1804490988010994
1.1823592030454062
1.1804490988010972
1.182359203045405
1.1813627404610325
1.3230713406558599
1.1804490988011038
1.1804490988011007
1.4688156863641282
1.094433136919128
1.1885490891869273
1.094433136919128
1.1823592030454084
1.1804490988011094
1.1813627404610325
1.1813627404610325
1.1804490988010972
1.180449098801103
1.1804490988011018
1.4712220085156247
1.1804490988011074
