0.11045439674081656
0.11519532866702234
0.0885129855549804
0.11036581750318815
0.11032105315448736
0.11024638421850978
0.09557179386467164
0.11042082315264681
0.11478914660121912
0.110576453555229
0.08866798713260904
0.11020837508406219
0.08023690548011571
0.11062102648270536
0.110576453555229
0.11055416035244389
0.11055416035244389
0.08917314389139008
0.0885129855549804
0.11033883690377222
0.11055416035244389
0.1103914341356173
0.11055416035244389
0.11045439674081656
0.11047671007499975
0.08854356741340588
0.10957887384296625
0.1104215076658183
0.11424334197284247
0.11045439674081656
0.11047825970851118
