0.07439423471424132
0.175707468815583
0.17720366063642115
0.1763688580835951
0.04952255796150995
0.0905728574666477
0.07435067464303635
0.051767340135023786
0.175707468815583
0.17162517091533186
0.17570784509800358
0.07435067464303635
0.14274176740256275
0.17720366063642115
0.14274917815415494
0.05133201215350955
0.1771721070984561
0.07929881305334699
0.1424668126397942
0.17570897394043056
0.14274176740256275
0.050435953367252324
0.07071067864549035
0.07782059859216896
0.14707872746201078
0.17720366063642115
0.040419648022152165
0.1440516985648366
0.175707468815583
0.07435067464303635
0.07435067464303635
