0.9956709956709957
0.9965367965367965
0.9523809523809523
0.7956709956709956
0.8484848484848484
0.7445887445887446
0.9965367965367965
0.8874458874458874
0.9965367965367965
0.8865800865800866
0.9956709956709957
0.9965367965367965
0.9523809523809523
0.9523809523809523
0.8138528138528137
0.8129870129870129
0.8138528138528137
0.8173160173160173
0.9948051948051948
0.9948051948051948
0.9523809523809523
0.8857142857142857
0.9272727272727272
0.9965367965367965
0.9965367965367965
0.9523809523809523
0.8874458874458874
0.9904761904761905
0.9965367965367965
0.9965367965367965
0.9965367965367965
