0.2804878048780488
0.2804878048780488
0.33739837398373984
0.46747967479674796
0.17073170731707318
0.2886178861788618
0.5365853658536586
0.37398373983739835
0.3048780487804878
0.3333333333333333
0.3048780487804878
0.4959349593495935
0.24803331790837574
0.45934959349593496
0.36585365853658536
0.34959349593495936
0.2804878048780488
0.3170731707317073
0.24390243902439024
0.32113821138211385
0.3252032520325203
0.3008130081300813
0.4634146341463415
0.3821138211382114
0.2967479674796748
0.21138211382113822
0.44715447154471544
0.23170731707317074
0.2781119851920407
0.25203252032520324
0.2886178861788618
