0.029508145959829223
0.0382861695415093
0.032688317916437004
0.04011775660907891
0.03679402473021662
0.024043543044652404
0.0341201369211476
0.036476536326154954
0.03819866554417778
0.030226837047855896
0.031928568533020125
0.04169860029001755
0.03182363303685456
0.04061163664072569
0.024209313207776105
0.0383372201243417
0.03420145766736983
0.03218850447529991
0.021830428058785392
0.02663891520779563
0.03384883421543418
0.03768939224560321
0.0366266471299669
0.023602814858059026
0.03164433544962034
0.03670908289292765
0.030766017835122103
0.025029937510053966
0.035780648756548704
0.03465804052044784
0.035704101479938105
