0.611114246265091
0.6135051146902029
0.5149791386854173
0.38319168707651907
0.7490660376293721
0.6201961603142176
0.3791379329804404
0.5103516514110074
0.5376914481777857
0.5711485573902477
0.5917070160983886
0.39467951828986136
0.5868443922754822
0.40317829369871666
0.5794705101146338
0.5701026700225355
0.5795419916253767
0.5594895467696
0.6566103467605708
0.5685977961121582
0.5514535200881856
0.5764080917070161
0.4183098008675598
0.5006565012434021
0.5926343946456586
0.6485780822639323
0.45314763189279283
0.6213774863338638
0.5266757711538246
0.6017953145750801
0.5987987344010414
