0.20723173137683745
0.20795137164140323
0.2775331338636024
0.39567312948881045
0.1148823166546349
0.2047797094308784
0.4108044262430213
0.28739027715432314
0.26773509842965454
0.24529059894106808
0.2299845958984511
0.3930174747499346
0.22622168837782727
0.3754588076050791
0.25513984470718715
0.25605676100095315
0.22792123088540342
0.24456936165245602
0.1751824710918929
0.2401604496756814
0.2508011636587768
0.24057135112489736
0.36754633951936594
0.2943435206326927
0.2230376633418869
0.19413971297463264
0.3478427872884384
0.19810622535883946
0.26928199439452966
0.217789598281956
0.21557207944412723
