1.1039407960151255
0.9083822648950067
1.1296638863044515
1.0112945120795978
1.0550510569288376
1.0735587908831359
1.2112491702411166
1.4430350476606164
1.1203940725367116
1.1102706215685738
1.221991179784449
1.1400063922101833
1.2190971166429951
1.191480363308804
1.4379419473988408
1.2375574873263793
1.314222506005777
1.0498086187898072
1.3346890707420191
1.105369278278789
1.1136277224298072
0.9469707764756575
0.9509917586640257
1.4372686052677999
1.3178927469705934
0.8762218558043755
1.208469934526711
1.1177229903855437
1.0567531640205547
0.9608331907338186
0.990516101870195
