0.2026839426191578
0.13821138211382114
0.13008130081300814
0.14715409532623785
0.13008130081300814
0.14391485423415085
0.1813975011568718
0.12864414622859788
0.12077741786210087
0.11522443313280889
0.16705229060620083
0.16288755205923183
0.1906524757056918
0.2073170731707317
0.11522443313280889
0.12309116149930588
0.13280888477556688
0.17886178861788618
0.07959278111985192
0.1910569105691057
0.12818139750115687
0.12309116149930588
0.17491901897269782
0.11382113821138211
0.18699186991869918
0.13836186950485888
0.12170291531698288
0.18371124479407683
0.16520129569643682
0.13882461823229986
0.13604812586765386
