0.18128131538147804
0.09100694434048558
0.10692518178710943
0.1035903253962372
0.07386873704822246
0.1103388878125909
0.11449616526704014
0.10790316237609719
0.06672337724605928
0.08728337012248795
0.1163774935645074
0.10523260352703222
0.13632928114418272
0.16113477596532133
0.09691609288692003
0.07807086116883134
0.11356943719215157
0.1296907494117849
0.05882733519996621
0.1316568204243581
0.11099982573377669
0.07256491122056354
0.15089348318122145
0.0847692519212337
0.15290851490306484
0.09025654834013193
0.07598875743467663
0.12129407022544869
0.1435352707346208
0.11860270581545006
0.0953506714021523
