0.846183075435567
0.7841089077248939
0.8454532115890339
0.8082301554158531
0.7545287299240414
0.8443283183410271
0.7737158722813513
0.8191724698366836
0.8266874339266298
0.7036207266283676
0.6596539542443087
0.8369600794573424
0.8304082346700377
0.7882567164403712
0.816958424096041
0.8453328216762038
0.7543631937938999
0.7475310662407872
0.817355334589903
0.7748971983009973
0.7972238838538316
0.7633284801149723
0.7552962156183338
0.7797203191837564
0.7149129242333608
0.7931964650511846
0.8017027648295919
0.708353555076504
0.7794005334778012
0.785293995929316
0.7611859158850728
