0.4315372332966023
0.4171692036657695
0.4227855159943685
0.4773781818095029
0.419371737444242
0.36599329925898805
0.4655361051634725
0.4285316882444381
0.35161144631513763
0.4097017143385979
0.4225361254689503
0.4102969657986389
0.45569594429865296
0.37859855877391774
0.363589487772554
0.5452932223809017
0.46380364207192226
0.5232070786810503
0.45562893232708995
0.47601702950076824
0.4774298946923377
0.4669956828227289
0.4753448545768935
0.4256394961739618
0.3944714140019932
0.44829189680419246
0.3794966861979538
0.43413838342833455
0.4678734945296197
0.5373099489869467
0.42534508784760444
