0.08400061979625463
0.11284432486679706
0.08535200526470155
0.08504175947943256
0.1163529193277119
0.07364532507931769
0.11386851802283472
0.08819204348507302
0.07767645409670026
0.14439188095138009
0.16982943566936584
0.08963720575478588
0.07222280109356631
0.10273157607387363
0.07906480084208649
0.06986157134518238
0.11267517831751417
0.11575665750052778
0.08725086233260608
0.10294585458438714
0.09675491089873328
0.11129923036281836
0.11280634133934897
0.10045371301776657
0.13545111882244656
0.09477569719837116
0.09668753369258469
0.1392633202222369
0.10511153857318362
0.10679844555275587
0.11559230208092451
