0.07058273874222537
0.0717780198076038
0.07058273874222538
0.005102661871500769
0.0717774255000569
0.00500668399852814
0.0701577994682085
0.00500668399852814
0.057423508849685764
0.011724239473758245
0.006445347887801866
0.05712376865877451
0.07070121856642668
0.07080520413234848
0.07040520777497351
0.07074135830301331
0.00500668399852814
0.07057560185145025
0.012653246269286024
0.07057110117854905
0.07080520413234848
0.07063510090048174
0.07040520777497351
0.007146109759227047
0.07075270527132146
0.07057560185145025
0.0709729395267336
0.07120880434970416
0.07196293140440534
0.05670081618677206
0.0709729395267336
