1.291948307864466
1.5888450518325061
1.291948307864466
1.3614815798838114
1.3788394121988954
1.3665885119411225
1.359234161971161
1.3665885119411225
1.5953948158746605
1.5740897245944887
1.3733467036733695
1.566380722104697
1.3681262992515868
1.0
1.3614815798838114
1.0734873685835233
1.3665885119411225
1.3651123510828922
1.3669774624021183
1.2902221203095565
1.0
1.2931352095182667
1.3614815798838114
1.3614815798838114
1.0
1.3651123510828922
1.0
1.3711410606654368
1.3723263962030456
1.0734873685835233
1.0
