0.10569105691056911
0.2036094400740398
0.0962517353077279
0.11788617886178862
0.15872281351226283
0.13975011568718185
0.13188338732068486
0.13882461823229986
0.11788617886178862
0.10874595094863489
0.18699186991869918
0.16612679315131884
0.13743637204997686
0.07866728366496992
0.21544715447154472
0.14634146341463414
0.12601626016260162
0.12679315131883387
0.17815826006478483
0.11661267931513189
0.10735770476631189
0.12540490513651087
0.13095788986580287
0.13414634146341464
0.13234613604812587
0.17491901897269782
0.1910569105691057
0.14634146341463414
0.18509949097639983
0.13095788986580287
0.08130081300813008
