0.024011910434349245
0.10362838206838
0.019811022120643187
0.018495997932869542
0.01774224263916045
0.05622646167965938
0.05463739721117621
0.031081144753425702
0.025988684895134825
0.04037170029203852
0.035511534942511254
0.022409870117385378
0.023801494364555482
0.05398307082979693
0.03054661986578385
0.025558966287502316
0.0189660453201125
0.025827715640223375
0.02886150626264242
0.08821375534861012
0.026474852969101143
0.01910515625749928
0.025104079994097202
0.391025239774474
0.023093449759392908
0.03384819473462425
0.027755367623710465
0.024301016075510197
0.04604564503034452
0.03575273944767276
0.03424708097748745
