0.8111270376933292
0.6798455999367953
0.8486416631866457
0.7812891502353246
0.7386824076477693
0.7973047708265144
0.8187116022016306
0.8226675394935347
0.8102711406568022
0.8441552578413336
0.7103004856980545
0.8169245644330576
0.8186100232126801
0.9175874613905788
0.6741853929413889
0.7770792654710443
0.7951189414716915
0.8199625286396316
0.7951151792869156
0.8223402294180276
0.8236983781221431
0.8390424487308269
0.7948555885373755
0.7753016331644113
0.7794776582657081
0.6842134964616652
0.674181630756613
0.7580614214286521
0.8027336034582002
0.854911344115755
0.847702998085048
