0.40099599863498825
0.44237219051018983
0.40091477256226055
0.36134463955604246
0.37586863521248226
0.4717656204838363
0.5201047956440895
0.3906425903640622
0.42979859952921373
0.4293924279169728
0.402221840293533
0.3666253395075559
0.358531156349351
0.507730058072964
0.37649693444519516
0.4160314326959083
0.4053306007667195
0.41765482195134856
0.4133548899040589
0.4280880560249578
0.42528154200135876
0.3657998655448036
0.41607305661282296
0.4702497808234318
0.3615005083626672
0.41456214526824353
0.4011725888681655
0.4194255280318278
0.4687651151919335
0.4502658199956924
0.45646543692966546
