0.08841558670281321
0.0884153997567813
0.07172414160039557
0.08822857526088637
0.08822857526088637
0.0884153997567813
0.08822857526088637
0.0884153997567813
0.08841544649332633
0.02160867396590696
0.035819009481168014
0.0884153997567813
0.08841558670281321
0.022313188067798348
0.0884153997567813
0.08803021165949632
0.02140397091141578
0.023824955212292612
0.03709828074753147
0.0884153997567813
0.08820205358683872
0.07214051716437259
0.035819009481168014
0.03679671644117433
0.02158429334309241
0.08798837796874615
0.0884153997567813
0.021187933435921055
0.08822866893188125
0.0884153997567813
0.07107211802375693
