0.9948051948051948
0.9965367965367965
0.9965367965367965
0.9965367965367965
0.9965367965367965
0.9965367965367965
0.9965367965367965
0.9965367965367965
0.9956709956709957
0.9913419913419913
0.9965367965367965
0.9965367965367965
0.9948051948051948
0.9939393939393939
0.9965367965367965
0.8865800865800866
0.8874458874458874
0.9913419913419913
0.9272727272727272
0.9965367965367965
0.9965367965367965
0.8909090909090909
0.9965367965367965
0.9913419913419913
0.8874458874458874
0.9956709956709957
0.9965367965367965
0.8865800865800866
0.9956709956709957
0.9965367965367965
0.9965367965367965
