0.5732915146937215
0.5760957397131915
0.4959322532385749
0.5760957397131915
0.5760957397131915
0.5760957397131915
0.5760957397131915
0.5760957397131915
0.5746234301171995
0.48812175672578545
0.5760957397131915
0.5760957397131915
0.5732915146937215
0.48812175672578545
0.5760957397131915
0.48296992105710107
0.48486986668704113
0.48812175672578545
0.48591705104597616
0.5760957397131915
0.4959322532385749
0.47466787901990043
0.5760957397131915
0.48812175672578545
0.48486986668704113
0.4942211902845293
0.5760957397131915
0.48296992105710107
0.5746234301171995
0.5760957397131915
0.4959322532385749
