1.1823592030454084
1.1804490988010972
1.315100734227765
1.1804490988010972
1.1804490988010972
1.1804490988010972
1.1804490988010972
1.1804490988010972
1.1813627404610325
1.271710781988112
1.1804490988011145
1.1804490988010972
1.1823592030454084
1.319335014991632
1.1804490988010972
1.47182211053501
1.4688156863641284
1.271710781988112
1.4157982371505233
1.1804490988010972
1.2655247171976374
1.4246906644569541
1.1804490988011145
1.271710781988112
1.4688156863641282
1.2664411916618572
1.1804490988010972
1.4481114724012862
1.1813627404610325
1.1804490988010972
1.315100734227765
