0.14276028651368589
0.11387877816785377
0.14018715195878786
0.03382046746427089
0.1140790572236922
0.14031710308382628
0.16949638036950274
0.016033407691669232
0.13884418424690417
0.11714480966264385
0.14161040826469698
0.14109894828170233
0.13828554444911365
0.020047506005170527
0.14391457704116611
0.1430676814996804
0.0
0.11222094894292482
0.17212910395410208
0.1386464206690103
0.1140790572236922
0.14150541054264265
0.020410647486003075
0.13565504981001889
0.129753979227337
0.17908804524745492
0.11308141242436758
0.1094186360618658
0.13160220031490555
0.14360838216428948
0.14194587905346734
