0.16706438873332843
0.22110832070488734
0.1697082404307761
0.1605894393561648
0.1464573808497006
0.22985355594205598
0.16830001448355073
0.22110832070488734
0.22968191444979383
0.1671949406497093
0.22110832070488734
0.16719494064970936
0.22110832070488734
0.22110832070488734
0.12248140485066779
0.1605894393561648
0.22110832070488734
0.22110832070488734
0.17880239477677834
0.22110832070488734
0.22110832070488734
0.22110832070488734
0.2212866124256521
0.21613396186859307
0.17804966542975073
0.22110832070488734
0.22110832070488734
0.2153098556001942
0.22968191444979383
0.22110832070488734
0.22003968395842352
