0.6234298921456256
0.8347675739066979
0.6232682153891551
0.6423946429445813
0.5922469876131142
0.8405785818003716
0.6234298921456256
0.8347675739066979
0.8267610316341051
0.6339060766935276
0.8347675739066979
0.6339060766935276
0.8347675739066979
0.8347675739066979
0.4581298956455845
0.6423946429445813
0.8347675739066979
0.8347675739066979
0.639438418795025
0.8347675739066979
0.8347675739066979
0.8347675739066979
0.8267610316341051
0.6913312311653035
0.48759233416037623
0.8347675739066979
0.8347675739066979
0.4948856607457753
0.8267610316341051
0.8347675739066979
0.6423946429445813
