0.6666666666666667
0.9417989417989419
0.9523809523809523
0.9682539682539683
0.9841269841269842
0.9841269841269842
0.6666666666666667
0.6560846560846562
0.5608465608465609
0.9682539682539683
0.9841269841269842
0.6666666666666667
0.9894179894179894
0.9841269841269842
0.6666666666666667
0.6666666666666667
0.6666666666666667
0.6666666666666667
0.6666666666666667
0.9417989417989419
0.9259259259259259
0.6666666666666667
0.9682539682539683
0.9894179894179894
0.6666666666666667
0.9894179894179894
0.9841269841269842
0.9841269841269842
0.6666666666666667
0.6666666666666667
0.9841269841269842
