0.5000743107680405
0.5000743107680405
0.5000743107680405
0.7784038873177664
0.7784038873177664
0.7784038873177664
0.5549046268679141
0.46822250470800925
0.4598950094765531
0.7784038873177664
0.5000743107680405
0.7784038873177664
0.46822250470800925
0.7784038873177664
0.5000743107680405
0.5549046268679141
0.8615946971265132
0.5549046268679141
0.4769509032283812
0.5000743107680405
0.7784038873177664
0.5000743107680405
0.5549046268679141
0.4682423442914731
0.5000743107680405
0.8625860518171717
0.5000743107680405
0.5000743107680405
0.5000743107680405
0.46409745302120875
0.41713717003385326
