0.04994937328224345
0.06454785254897256
0.06745372819798857
0.04435462818543576
0.07073735673114735
0.04971906978627511
0.04971906978627511
0.08527369340702654
0.04994937328224345
0.04986091772141142
0.05447102591410484
0.04033631608210095
0.050453755825221276
0.07769968218232305
0.07904293735368513
0.07769968218232305
0.060231272452382
0.056706504854166936
0.06565345783660156
0.057734777449802654
0.06769786388088382
0.05110801019992473
0.03423162452827614
0.0798534354603685
0.06122422587545238
0.06520118050411941
0.06668607647929882
0.07747234975973882
0.09610271820343262
0.08573526705110175
0.10087423818871828
