0.3932356779721319
0.39359836506812934
0.3896895353309709
0.4680913441522411
0.4668067643273158
0.3884440209446015
0.3884440209446015
0.4668067643273158
0.3932356779721319
0.39359836506812934
0.3879923667209769
0.46612345218879775
0.3932356779721319
0.47267938034258333
0.6531446591759568
0.47267938034258333
0.4680913441522411
0.4021667274076077
0.3896895353309709
0.47267938034258333
0.38460462296723963
0.3896895353309709
0.3879923667209769
0.40749768927509483
0.47267938034258333
0.538222675450867
0.3932356779721319
0.35218604723439484
0.5218487902753249
0.37344186699636067
0.4656463357929854
