0.020689655172413793
0.0
0.04137931034482759
0.1329769147627595
0.138415788414775
0.0
0.0
0.138415788414775
0.020689655172413793
0.0
0.1329769147627595
0.1329769147627595
0.020689655172413793
0.041379310344827586
0.05172413793103449
0.041379310344827586
0.05172413793103449
0.03103448275862069
0.1280769046596533
0.12000000000000002
0.0
0.04137931034482759
0.1329769147627595
0.0
0.041379310344827586
0.14435659406696902
0.020689655172413793
0.03103448275862069
0.05172413793103449
0.020689655172413793
0.14435659406696902
