1.3592831829994487
1.3883370675352118
1.3425329805840913
1.2206657178553522
1.2174134107865267
1.3482817329630548
1.3482817329630548
1.2889272968610088
1.3592831829994487
1.3595325726853542
1.2471499600225897
1.2251404683368707
1.3592831829994487
1.2861767993748583
1.0
1.2861767993748583
1.2634239267441432
1.3608511087663246
1.3072038355038957
1.2834440007749763
1.4078740680450044
1.3054121419630744
1.1599696464522962
1.3856400490355893
1.2190203349620108
1.1936631712536085
1.3833352444638911
1.523921699377191
1.5496392970255917
1.64287147323643
1.2806257450368934
