0.03739402648379728
0.056011738614527434
0.025390654848868682
0.02558490111552205
0.055724089844081275
0.03884588497401635
0.03858188534054496
0.025064007943560025
0.056570885797397226
0.036853751236656906
0.05786520435948135
0.037445214973333314
0.05760427850430471
0.0259021276786221
0.006767371693545762
0.0889693175981172
0.030041552972508184
0.024916333475571335
0.0575961521102938
0.05573047138914542
0.03608262076278965
0.05727648742694923
0.03602939207562942
0.056124724738464866
0.04455905620751019
0.006900689834597885
0.007537174790818581
0.01970734956764858
0.055985269480879334
0.02494513137914432
0.05767653041040644
