0.37382375871502577
0.4021667274076077
0.47267938034258333
0.3915312213903257
0.3580623056401399
0.37900822027800046
0.38340380920690315
0.390251789452238
0.3896895353309709
0.3880765167508951
0.4680913441522411
0.37344186699636067
0.47019991210284184
0.4495733102950796
0.3884440209446015
0.3878004704470628
0.3842033080313849
0.47267938034258333
0.47267938034258333
0.3932356779721319
0.3932356779721318
0.38340380920690315
0.4021667274076077
0.47267938034258333
0.3939671733896821
0.3932356779721319
0.3884440209446015
0.3906172470907757
0.3932356779721319
0.39359836506812934
0.47267938034258333
