1.6769984875815147
1.4234433177840626
1.292231849348397
1.3542379378823313
1.5417775935745617
1.5240436253704324
1.5258847769489001
1.3891820240861064
1.447631729682385
1.4760193478911905
1.3613000652666796
1.616878209086794
1.2811806774599397
1.4872255887558339
1.4318627834147248
1.554637554683078
1.4150042107156706
1.2212896229997565
1.2201968984497833
1.3957630364711384
1.4194556808357703
1.5164899870486979
1.3994248601496686
1.2922318493483957
1.5399686475485876
1.3668850488127213
1.4384419729074343
1.5094107690007779
1.4093407242601357
1.4456495360902117
1.2202412176863964
