2.209708691547774E-4
2.6017447567127134E-9
0.01692347449808427
0.03776858379749936
0.0026891199007911433
3.8850711219559295E-9
3.8850711219559295E-9
2.706329387105229E-4
3.8850711219559295E-9
0.003304184834215303
0.0020221817061716277
1.5625000002179697E-4
0.022491296561660237
0.0019435973233185456
3.875319150057076E-9
2.609812201631952E-9
2.6017447567127134E-9
0.0031358252184808407
0.0015795688385856913
3.8850711219559295E-9
1.5625000004829983E-4
0.0030564873462577812
0.0020085535123939803
0.0026891199007911437
0.002291919729195109
3.8850711219559295E-9
3.8850711219559295E-9
3.8850711219559295E-9
1.5625000004829893E-4
3.8850711219559295E-9
1.5625000004829964E-4
