0.9856330909204517
0.9300862710138261
0.9447452367539836
0.6456124164541683
0.9844985643315036
0.9300862710138261
0.9300862710138261
0.984262672882985
0.9300862710138261
0.9324676476010221
0.8885244423614602
0.984262672882985
0.9323890171181826
0.984262672882985
0.9532822631058463
0.9300862710138261
0.9300862710138261
0.9350736880647172
0.9844985643315036
0.9300862710138261
0.984262672882985
0.8885244423614602
0.94362194414199
0.9844985643315036
0.8806613947470397
0.9300862710138261
0.9863070654063495
0.9863070654063495
0.984262672882985
0.9300862710138261
0.984262672882985
