0.2362294127477131
0.29080365179801443
0.2330877421474662
0.22009338751120924
0.22837448797855667
0.29080365179801443
0.29080365179801443
0.28844785881748514
0.29080365179801443
0.22722998008902548
0.23370563184461532
0.28844785881748514
0.231877156626301
0.23123544530631723
0.23666384827370704
0.29080365179801443
0.29080365179801443
0.22897113243380737
0.22837448797855667
0.29080365179801443
0.28844785881748514
0.23370563184461532
0.23123282999582026
0.22837448797855667
0.2364556977829048
0.29080365179801443
0.2903073148967722
0.2903073148967722
0.28844785881748514
0.29080365179801443
0.28844785881748514
