0.5409176943400066
0.3887611181222337
0.43929443303430626
0.548990968186072
0.37385120342073996
0.37385120342073996
0.3887611181222337
0.38335745288787665
0.4857010074635429
0.5442166071600837
0.3887611181222337
0.5542346416769278
0.3887611181222337
0.5409176943400066
0.5441166586001245
0.3831149862675507
0.5542346416769278
0.3901572832552002
0.37729819868471354
0.5442166071600837
0.5442166071600837
0.5442166071600837
0.5440712213667407
0.548990968186072
0.5542346416769278
0.37385120342073996
0.548990968186072
0.548990968186072
0.5441166586001245
0.5442166071600837
0.5442166071600837
