1.2602012287857085
1.4620524331533329
1.2713267616768447
1.1691144007345942
1.4800301581287891
1.4572560894593047
1.4985699613341896
1.5554302615303934
1.225173227582025
1.2989820737868438
1.5452604775180503
1.1643318046965234
1.3717728604594503
1.3204129347652658
1.3453791184322013
1.4271429281050199
1.1608721877555437
1.4839940173699788
1.3615677964228565
1.3226243957439376
1.2331954996149412
1.3390057946303031
1.201623876587338
1.1684003100453344
1.0639207120674996
1.4464736269843963
1.0673027863026106
1.0673027863026106
1.3453791184322013
1.3391381856047069
1.191567929436864
