0.8531271017918668
0.8531271017918668
0.8660254037844386
0.8531271017918668
0.8141345313608418
0.8660254037844386
0.8660254037844386
0.697656981652285
0.8531271017918668
0.8141345313608418
0.8531271017918668
0.8660254037844386
0.8660254037844386
0.6452064698518277
0.8531271017918668
0.7241880678472032
0.8141345313608418
0.8141345313608418
0.7036392354957798
0.8660254037844386
0.8660254037844386
0.8660254037844386
0.8531271017918668
0.8141345313608418
0.6460111422810814
0.8531271017918668
0.8531271017918668
0.8531271017918668
0.8531271017918668
0.8531271017918668
0.8531271017918668
