0.056963961205465416
0.10018199397660207
0.07129065030093062
0.10196198630739202
0.08542502771036833
0.11829919257515584
0.10119563232871948
0.08470797233526907
0.1326160599599901
0.10135178377773704
0.13323476125301645
0.13323369246285824
0.10466822252462635
0.13327919377491373
0.05570021334216053
0.13356893350637422
0.10219107553487548
0.1027853066909091
0.1336747240816395
0.10254366173102791
0.10215442026910157
0.1496565613087558
0.15044841917976112
0.1334035727464872
0.10011638045149276
0.13249231173926826
0.08533517340869094
0.10611373642595177
0.10081926206120194
0.10245672902246172
0.10134335341680939
