0.3871964314745207
0.5542346416769278
0.38835053459870944
0.380078914076417
0.4311276036258283
0.5436445032834404
0.548990968186072
0.47937196255230347
0.3738644288354656
0.5409176943400066
0.5441166586001245
0.5442166071600837
0.5442166071600837
0.548990968186072
0.37102381608780405
0.4383930781253888
0.5409176943400066
0.37385120342073996
0.3747723694575031
0.5442166071600837
0.3785668691299113
0.5442166071600837
0.5531988173451454
0.5542346416769278
0.38780606398512835
0.38994213667115285
0.4383930781253888
0.5409176943400066
0.3879714211017584
0.5409176943400066
0.5441166586001245
