1.5382043835978265
1.0639207120674996
1.3715453122462091
1.290036786725175
1.3985727998304327
1.2727424579012623
1.165663526118134
1.3246483168553704
1.5235166476120858
1.276471875134374
1.3453791184322013
1.3226243957439383
1.3232916461296702
1.1684003100453344
1.4295453806229732
1.2520271562954024
1.2720857980773037
1.4800301581287902
1.449012011176543
1.2999225636899743
1.3133429265574117
1.340397601148272
1.1647995604176207
1.1624551120619744
1.3444904604458172
1.293737581797175
1.4578011096597736
1.3373423398767497
1.4689323442473645
1.3204129347652658
1.2207221902256191
