0.7784038873177664
0.7784038873177664
0.5000743107680405
0.5000743107680405
0.5549046268679141
0.7751030820299872
0.5000743107680405
0.8625860518171717
0.4940189235136001
0.7761091610496116
0.4940189235136001
0.5000743107680405
0.7726542933134549
0.4598950094765531
0.8625860518171717
0.8625860518171717
0.7426898044786976
0.8625860518171717
0.4958957592506778
0.5549046268679141
0.7784038873177664
0.8625860518171717
0.7784038873177664
0.5549046268679141
0.7784038873177664
0.5000743107680405
0.4682423442914731
0.7733753301778358
0.4958957592506778
0.5549046268679141
0.5000743107680405
