0.15872281351226283
0.16520129569643682
0.1031929662193429
0.15964831096714485
0.12262841277186488
0.17886178861788618
0.16057380842202684
0.16260162601626016
0.14021286441462286
0.12601626016260162
0.13836186950485888
0.14669134659879685
0.15316982878297083
0.0962517353077279
0.17029153169828784
0.13234613604812587
0.11846367422489588
0.1906524757056918
0.13821138211382114
0.13414634146341464
0.12725590004627488
0.2073170731707317
0.1948172142526608
0.11382113821138211
0.14993058769088385
0.11753817677001388
0.2073170731707317
0.14993058769088385
0.17491901897269782
0.19435446552521982
0.14530310041647385
