0.44658407786824594
0.45199134547292324
0.4293438218564527
0.4070110753128177
0.4563227100039025
0.45927816852311104
0.4374529974040244
0.3589584181764214
0.4518500247038764
0.38030390167358
0.40546525973639397
0.49308640347625676
0.4232545665718459
0.3665716256240969
0.4045617826156716
0.4462799615250536
0.40742794198792215
0.4210657325239739
0.4465131696811961
0.48861294659206395
0.43142094205817166
0.4024374548963671
0.4623039841437586
0.3983616593103049
0.45895512614370393
0.4981003038845632
0.4030239765294587
0.47822507692297006
0.45036087395856983
0.40122798437848695
0.4998546055462418
