0.17073170731707318
0.15085608514576584
0.12679315131883387
0.1951219512195122
0.12910689495603886
0.1016260162601626
0.11568718186024989
0.15270708005552985
0.12077741786210087
0.10569105691056911
0.1910569105691057
0.13003239241092088
0.14807959278111985
0.14484035168903286
0.12262841277186488
0.14576584914391486
0.15040650406504066
0.15040650406504066
0.1050439611291069
0.14160111059694586
0.1906524757056918
0.14021286441462286
0.12031466913465988
0.14021286441462286
0.15131883387320685
0.2073170731707317
0.12309116149930588
0.17954650624710783
0.14854234150856085
0.14715409532623785
0.11383618695048589
