0.036946875422034474
0.07241274263032647
0.04821410695905228
0.04971547838379199
0.03881610207909148
0.0363531982989264
0.0774021709025087
0.056121349752662274
0.04616225193298122
0.028634453533071858
0.035019633966406366
0.0464657120978138
0.02310980845211635
0.04174677926455901
0.05222054951907005
0.06353641193870556
0.0578043087249161
0.07243474932064393
0.06373109205041767
0.08165130006025181
0.045925634933758265
0.026050677524441616
0.03446943168054107
0.027132301512237045
0.051647211566376375
0.052134911117094666
0.05869937398323111
0.07208947177880681
0.06348785986383625
0.03317159723273357
0.040186099784661734
