0.6953420390289048
0.835336696726523
0.8022144219591202
0.6517985124321396
0.7823877081899001
0.8189711929511707
0.8519599101590276
0.7715187563722004
0.8184632980064184
0.8007810295594858
0.7411880227085473
0.7780198116650301
0.76534313006249
0.8308258371801672
0.8452726267197886
0.8056191991813486
0.7764679104449536
0.7568104949906509
0.811281287269143
0.7851209354296227
0.7369668513899391
0.7584301155366944
0.8510776778290688
0.8073610907326102
0.7348336926219794
0.6525603548492681
0.773533406319718
0.770425841694789
0.8410740285098363
0.8043099588793204
0.8393340180509625
