0.4147655676055963
0.5042098264540059
0.4489760174484658
0.4414705895228681
0.4259458985728793
0.4065048036238805
0.5216716296481693
0.4649254601319788
0.4442763603575928
0.4055794151504484
0.4250550925228458
0.4449222050626658
0.361023545942106
0.4246961941698208
0.4573756792912544
0.44432370902931734
0.4647563143942668
0.5111001737660045
0.4746795732877122
0.515480985304651
0.43086167051103824
0.38864203865405317
0.4095594974737045
0.38221172556700284
0.45459396107407785
0.44996816211703333
0.4760040940948746
0.5011002458515564
0.48116805373708377
0.4019204228123791
0.4292054176653284
