0.14819549115616237
0.08914005742035169
0.09259994127089416
0.17571278936751464
0.10166273798814762
0.07912433164913149
0.07095070927750359
0.11121799138176562
0.08458316791703269
0.08952166147483365
0.1207745619479837
0.10379300295063486
0.11281318956929694
0.08785788434072377
0.07543534197531268
0.09620408455814682
0.10020725029100008
0.11153868954512697
0.08469834038768449
0.10300316197656727
0.13632928114418272
0.11446680513288997
0.07282503091643559
0.09393711868041595
0.12730942533006998
0.17418224487089232
0.10480350846010957
0.1203057124895066
0.08675141404055053
0.09708936597311672
0.07476316219606109
