0.152617092437226
0.1419356434225846
0.14973177380317293
0.12407645463178975
0.15302236483659754
0.14609281307108346
0.15037856293929863
0.14416226484409173
0.14244807107447116
0.14061863839101585
0.12574121058577845
0.18961787870352023
0.14866725514167048
0.14903236884688595
0.14634960195571922
0.12225251150928935
0.14222032752938085
0.07493092437679684
0.14710837409381944
0.14336207517322405
0.11929547824528366
0.14275188521414622
0.18864343479892146
0.18205301264232143
0.1551103510151414
0.15027475491174574
0.18734240265367194
0.14300155597381262
0.16583870027554148
0.14855128432567322
0.18933717952243928
