0.5409176943400066
0.548990968186072
0.5442166071600837
0.4857010074635429
0.5451951636155757
0.5451951636155757
0.5451951636155757
0.5531988173451454
0.548990968186072
0.43929443303430626
0.483701616889727
0.548990968186072
0.5409176943400066
0.5409176943400066
0.548990968186072
0.4790609972540383
0.4383930781253888
0.37729819868471354
0.5531988173451454
0.4383930781253888
0.4383930781253888
0.3831149862675507
0.548990968186072
0.5442166071600837
0.5441166586001245
0.3831149862675507
0.5440803091169818
0.42783329380728924
0.548990968186072
0.5409176943400066
0.548990968186072
