0.025157232704402514
0.11666666666666665
0.009433962264150943
0.13135590286421892
0.12722855304613698
0.12722855304613698
0.12722855304613698
0.028301886792452827
0.11666666666666665
0.04716981132075473
0.14099797436347955
0.11666666666666665
0.025157232704402514
0.025157232704402514
0.11666666666666665
0.053459119496855355
0.05660377358490567
0.12722855304613698
0.028301886792452827
0.05660377358490567
0.05660377358490567
0.03773584905660378
0.11666666666666665
0.009433962264150943
0.015723270440251572
0.03773584905660378
0.028301886792452834
0.14099797436347955
0.11666666666666665
0.025157232704402514
0.11666666666666665
