0.4682423442914731
0.8625860518171717
0.8615946971265132
0.5000743107680405
0.5000743107680405
0.5000743107680405
0.4958957592506778
0.4958957592506778
0.4640173807204233
0.7784038873177664
0.5000743107680405
0.4940189235136001
0.7726542933134549
0.5471496792966047
0.549859457643141
0.8625860518171717
0.4958957592506778
0.8625860518171717
0.46409745302120875
0.7784038873177664
0.7784038873177664
0.5000743107680405
0.8625860518171717
0.5000743107680405
0.4940189235136001
0.5000743107680405
0.5549046268679141
0.5000743107680405
0.4682423442914731
0.4958957592506778
0.7784038873177664
