1.5730362361576946
1.0
1.0
1.3665885119411225
1.3651123510828922
1.3711063026848394
1.3761451284717947
1.364496176172453
1.572946791095989
1.0734873685835233
1.368126299251587
1.3592016852428848
1.0757206530246866
1.2953061026478534
1.2948562261872856
1.0
1.3724734143687753
1.0
1.5816317890409415
1.0734873685835236
1.0734873685835236
1.3665885119411225
1.0
1.3614815798838114
1.3664127607884324
1.3665885119411225
1.291948307864466
1.3733467036733695
1.5823620033207737
1.3630675772032377
1.0734873685835236
