0.9245283018867925
0.9433962264150944
0.9433962264150944
0.9245283018867925
0.9245283018867925
0.9779874213836478
0.9867924528301887
0.9257861635220126
0.8635220125786164
0.9157232704402516
0.930188679245283
0.7666666666666666
0.7666666666666666
0.9389937106918239
0.8679245283018868
0.9345911949685535
0.9867924528301887
0.9823899371069182
0.9157232704402516
0.8779874213836478
0.9867924528301887
0.8779874213836478
0.9823899371069182
0.7666666666666666
0.8867924528301887
0.9867924528301887
0.9559748427672956
0.9245283018867925
0.9433962264150944
0.7088050314465408
0.8823899371069183
