0.5395676098415921
0.5516101712869261
0.5542346416769278
0.5531988173451454
0.5531988173451454
0.38994213667115285
0.5442166071600837
0.43670130735256046
0.5501155945265926
0.3785668691299113
0.5408811298730757
0.548990968186072
0.548990968186072
0.5409176943400066
0.5476248906071155
0.37385120342073996
0.5442166071600837
0.5441166586001245
0.3785668691299113
0.5383429997570301
0.5442166071600837
0.5383429997570301
0.5436275055492091
0.548990968186072
0.3865034031307116
0.5442166071600837
0.4364941743714647
0.5490586014775476
0.5542346416769278
0.3785668691299113
0.5382235876901553
