0.028301886792452827
0.018867924528301886
0.018867924528301886
0.028301886792452827
0.028301886792452827
0.022012578616352207
0.009433962264150943
0.0440251572327044
0.06289308176100629
0.040880503144654086
0.03773584905660377
0.11666666666666665
0.11666666666666665
0.025157232704402514
0.05660377358490567
0.031446540880503145
0.009433962264150943
0.015723270440251572
0.040880503144654086
0.05974842767295598
0.009433962264150943
0.05974842767295598
0.015723270440251572
0.11666666666666665
0.04716981132075473
0.009433962264150943
0.053459119496855355
0.028301886792452827
0.018867924528301886
0.13135590286421892
0.053459119496855355
