0.14154406512190418
0.1328917392233371
0.15260027293101028
0.1449883349063504
0.15634719294719596
0.14154406512190418
0.1250249790499327
0.15634719294719596
0.12542006468611416
0.14894545863170294
0.16234892076693921
0.13321171185136074
0.15334516466797446
0.16253100808646945
0.16247033498806063
0.1492328036484412
0.1536604140171859
0.15946907746028965
0.15334516466797446
0.15634719294719596
0.16253100808646945
0.14591632520176132
0.13620428641313967
0.14154406512190418
0.13620428641313967
0.1415440651219042
0.14026712501105604
0.13620428641313967
0.14154406512190418
0.15634719294719596
0.16312673636452357
