0.9947089947089947
0.9894179894179894
0.9841269841269842
0.6666666666666667
0.6666666666666667
0.9947089947089947
0.9470899470899471
0.6666666666666667
0.9365079365079365
0.9947089947089947
0.9841269841269842
0.9894179894179894
0.634920634920635
0.9523809523809523
0.9841269841269842
0.9947089947089947
0.6666666666666667
0.9841269841269842
0.634920634920635
0.6666666666666667
0.9523809523809523
0.9894179894179894
0.9894179894179894
0.9947089947089947
0.9894179894179894
0.9947089947089947
0.6666666666666667
0.9894179894179894
0.9947089947089947
0.6666666666666667
0.8412698412698413
