0.025304300413660163
0.035716557163722705
0.023269965904159813
0.026399562553602346
0.023036638410675332
0.03147551713439646
0.028020476625960203
0.026438652399977124
0.026275357866461554
0.02383959720004094
0.02812441879930922
0.042919351907905724
0.039327247466585835
0.03847040008604462
0.022596376115706463
0.04241898031647134
0.02976563038068591
0.029785480248590644
0.03613530799672746
0.03150780787208906
0.020131533677252417
0.029473481325009807
0.026494533569355282
0.037494227607965766
0.04567666922763504
0.036697809537017255
0.03943361608618049
0.040868795990132226
0.034524897367698225
0.03192966554181618
0.04998981944179908
