0.6488922246927236
0.5735319014458076
0.6333619259376305
0.7139573293002712
0.6638299793456055
0.7608266272389702
0.7489701019175856
0.5852473448380944
0.5735224959838678
0.6528914271095511
0.6230930425916937
0.6789671297916127
0.7835088392531311
0.6124122000127915
0.6224083249624721
0.5398923262717125
0.755365816036689
0.6719111522443313
0.6310594688547534
0.6024762700195258
0.7710033370578964
0.7751755999744171
0.6181269586874489
0.6851164208078916
0.7976019834238139
0.6155611486702557
0.7847973875388917
0.7673558989176195
0.7749837285508441
0.7839264417632608
0.3982234963487996
