0.3678500898877392
0.36414705014485665
0.41440924771421256
0.40905745829241197
0.38888737251086686
0.39877193640361
0.41366068331986655
0.3691850862125121
0.3810700445486368
0.36795707727133503
0.36744040637688485
0.3766328474348084
0.4850842292428777
0.39285298081952574
0.40205716143447306
0.3524765911846203
0.3922182176683373
0.3582460886494336
0.3801767208282132
0.3504396203897457
0.39291209693402873
0.3937339285171706
0.33979757734505006
0.4351159243681321
0.5173529582650566
0.34597889651376285
0.37170835902939997
0.4481851414413345
0.39733975706408214
0.3965138260244454
0.4409586813783349
