1.428670516793405
1.5217218645991524
1.5930243616944748
1.5000887822275917
1.5557230487151195
1.3861402868230988
1.5655173623410386
1.1941778757826718
1.480724344566542
1.4901325681001576
1.354066572787398
1.489889753987405
1.50687551361095
1.3577642374565406
1.5213650533864829
1.2878384767678204
1.2664126791916155
1.48997695553161
1.38147606867245
1.3955723048336321
1.4714995370421362
1.3937799697392457
1.477093579503525
1.5073892578652368
1.5197120129590134
1.3033810354564184
1.42344010210658
1.2782831542433366
1.440718775786144
1.4944439691699194
1.4053551868141525
