0.14577017891053137
0.11637384204318689
0.11550236967417916
0.11484906809437179
0.11187674916878201
0.08004475859546469
0.04116986044195194
0.11394763985629767
0.07414940154525279
0.1442397823193488
0.05086881701583217
0.04932193335506366
0.11139438838079857
0.08153704847539162
0.08597617214669144
0.07338023258608249
0.017425756191412053
0.161043991771957
0.08178376933626622
0.08061989762766095
0.07852941319056778
0.08048264550886207
0.04932193335506366
0.11318310685092106
0.09618793995634106
0.07768068276258638
0.11405774150617315
0.05218318519452703
0.08156481390746341
0.11673801368340841
0.09030790060194921
