0.47267938034258333
0.47267938034258333
0.47019991210284184
0.3879923667209769
0.35218604723439484
0.47267938034258333
0.3896895353309709
0.3879923667209769
0.4038043263097462
0.6524069333552346
0.3932356779721319
0.47267938034258333
0.4021667274076077
0.47019991210284184
0.47019991210284184
0.40749768927509483
0.4021667274076077
0.5275067496414986
0.47019991210284184
0.47019991210284184
0.47019991210284184
0.3896895353309709
0.47267938034258333
0.3872809034698071
0.47019991210284184
0.3896895353309709
0.4680913441522411
0.47267938034258333
0.3879923667209769
0.3879923667209769
0.4649101688180356
