0.03761053895441203
0.05774185491470416
0.04826031474767757
0.026365615011408064
0.056204835078132814
0.020709817026894187
0.04036134201823265
0.06082179577367815
0.0318459603901636
0.049725050982789114
0.12262245693046239
0.07319746699731403
0.04506983999259772
0.02811965011003188
0.018643414805900253
0.03998194815579697
0.026946088533348435
0.052517222661919716
0.022540546207803654
0.038272494234773996
0.04891092746546486
0.018423047225027567
0.04764014196671828
0.04031898187329867
0.0460500826103189
0.35087755954401745
0.04714173860688943
0.018568884664584995
0.07679019921374652
0.041911665734867036
0.02597825052511372
