0.7828391703630133
0.8074400966129051
0.8297385657799197
0.8193361248744371
0.8270937498824318
0.7343822304488663
0.7163199813395634
0.8470333291949301
0.8646629270549995
0.7239384055108483
0.7472319725510999
0.7535524429746843
0.8117854200291194
0.7321813523549395
0.7608266272389701
0.805596626072693
0.7430503041726391
0.8029198316046093
0.7314138666606471
0.8016331644112369
0.8107357704766311
0.7141849414792159
0.7845171047730839
0.7482985519350797
0.7812364796484615
0.7600835957457214
0.8367625647566055
0.6981636776108622
0.7816315090499354
0.7957020801119626
0.7724969244139457
