0.11382113821138211
0.16473854696899584
0.15447154471544716
0.22535863026376676
0.2032520325203252
0.21138211382113822
0.13008130081300814
0.13188338732068486
0.11382113821138211
0.14634146341463414
0.12124016658954188
0.17479674796747968
0.14715409532623785
0.13821138211382114
0.22764227642276422
0.15687181860249885
0.13414634146341464
0.14113836186950485
0.11788617886178862
0.11152244331328089
0.15447154471544716
0.18741323461360482
0.15853658536585366
0.10975609756097561
0.14484035168903286
0.1878759833410458
0.12355391022674687
0.12601626016260162
0.16751503933364184
0.13008130081300814
0.14227642276422764
