0.8045733118136364
0.8047031071884064
0.7226705492413553
0.617193936863015
0.6898266761473723
0.6849772199711816
0.8034973269677166
0.8575298247198113
0.8078539369382589
0.7770228326994052
0.807315944515299
0.6831506792624613
0.7973762523372573
0.7728580941524362
0.6737132387520081
0.8019999774268912
0.7769043238789629
0.7645963363844652
0.81516950523508
0.8054085168338958
0.7676662791616347
0.7035812236882202
0.7351610026974864
0.8041444227491789
0.8169208022482817
0.7626042595456033
0.8443809889278902
0.7906701579741388
0.7681873417531028
0.7680725951174365
0.7577021327825495
