0.5248819558827832
0.4938043351505097
0.4235564135502044
0.39054959426295627
0.39664486718332553
0.4393591291261114
0.4268905999430029
0.4058020214205785
0.426946773023079
0.4257119448423076
0.44358850297672103
0.4618547605071924
0.4983709718638298
0.4418155387558446
0.49767088614220856
0.47280539582427394
0.4255469838933505
0.4252412974404775
0.4327775364667992
0.4059146505414331
0.4759693728740532
0.46270375501022293
0.4631161628152846
0.4376157904634794
0.5084767658895789
0.4434562368769523
0.48010033176747385
0.4766584212500755
0.3805024658418594
0.45279500214778406
0.47250130243301564
