0.08642870169889433
0.1034935915642799
0.13234556225598992
0.20072898883106913
0.15029860043053123
0.15374517774460927
0.08610709461796244
0.07567377034389196
0.08453369218459222
0.10007501181520813
0.08928434759221608
0.15600647365524925
0.09960048002388322
0.10300349306178619
0.162218379524313
0.10110585608031637
0.10094714480161303
0.11181056844680949
0.0802039850477082
0.0883528197106771
0.1049632837327464
0.1492465619111247
0.1239687413895888
0.08705218554420235
0.09207045454562125
0.1263794555176394
0.07603464507209942
0.09353138883021746
0.11668682439857564
0.10667728497224133
0.11173655907312974
