0.15857735307125956
0.14125118559381522
0.15239670110192408
0.1419356434225846
0.19065592492303168
0.14443244787883103
0.14446940129299216
0.09417256672703284
0.1475085883458257
0.1446608646342841
0.14585826700438406
0.102897868436817
0.16508328457918242
0.14939342873637146
0.11814490174627268
0.14531203460640174
0.1441978748110745
0.07359869257551004
0.15023798834557203
0.18945071856276013
0.14773010772490625
0.14648752646660812
0.1433732076141928
0.16464375985673943
0.17941863044871667
0.14203874753999896
0.2079949201191402
0.1457864032515304
0.16590634325140993
0.18462888682171388
0.11889908488183748
