1.4481520792738354
1.2008736333479475
1.1506522680615872
1.0625758622449126
1.298022989945086
1.1309727945794923
1.186849693647233
1.408572162378239
1.1573140486861921
1.1623589704860564
1.1506522680615872
1.3823968359169942
1.2689569156877107
1.2004217412707126
1.2008736333479475
1.2676539501871367
1.2751702984988202
1.1954048022735375
1.1655475434852087
1.150069855502099
1.3825278116051742
1.186849693647233
1.318513336674028
1.3889875682953803
1.1506522680615872
1.2328718283126343
1.1088202076627858
1.1547574348661118
1.0723191086414934
1.1794728695535488
1.0854604402829
