0.03428782883574335
0.06695629016344812
0.016998085323991434
0.06568416151595576
0.07080520413234848
0.07080520413234848
0.015016944649971824
0.07042126089622486
0.016706727587308737
0.059503644832179806
0.07080520413234848
0.031550725520010765
0.05574908836238481
0.07776527247093963
0.06891097843738843
0.04688327039740031
0.0572597605830337
0.06487734504240467
0.01959922475070476
0.017528268322025194
0.06701074083660873
0.04023433519197329
0.07075270527132146
0.001738474899573246
0.0709729395267336
0.05670081618677206
0.01618267648645525
0.05668665652153923
0.04215578943205444
0.07080520413234848
0.0
