0.4958957592506778
0.5000743107680405
0.48833676936343623
0.4958957592506778
0.8625860518171717
0.8625860518171717
0.5549046268679141
0.7784038873177664
0.5000743107680405
0.4682423442914731
0.8625860518171717
0.5549046268679141
0.5549046268679141
0.5261418157172842
0.5549046268679141
0.5422379539141094
0.46822250470800925
0.7784038873177664
0.5000743107680405
0.5000743107680405
0.7751030820299872
0.5549046268679141
0.8636623206107849
0.5000743107680405
0.8606885499550817
0.7784038873177664
0.4958957592506778
0.7772095628195398
0.5000743107680405
0.8625860518171717
0.5000743107680405
