0.22110832070488734
0.1605894393561648
0.22003968395842352
0.2212866124256521
0.22110832070488734
0.17733565346406732
0.2297417048539597
0.21311063893544188
0.22110832070488734
0.2278308126679707
0.1767766952966369
0.22968191444979383
0.22702689142624422
0.22968191444979383
0.21925957865539286
0.17208046881662856
0.1767766952966369
0.1904583505656156
0.21940035282689688
0.22005800364278563
0.22110832070488734
0.1904583505656156
0.22110832070488734
0.1572835469703721
0.22110832070488734
0.22110832070488734
0.2153098556001942
0.1767766952966369
0.22968191444979383
0.17777170131856956
0.22003968395842352
