0.2
0.009523809523809523
0.009523809523809523
0.015873015873015872
0.2
0.025396825396825397
0.006349206349206349
0.2032501461639004
0.2
0.05714285714285714
0.006349206349206349
0.015873015873015872
0.06349206349206349
0.015873015873015872
0.009523809523809523
0.2
0.006349206349206349
0.006349206349206349
0.015873015873015872
0.08253968253968254
0.2
0.006349206349206349
0.2
0.24838942742221076
0.2
0.2
0.2032501461639004
0.006349206349206349
0.015873015873015872
0.0031746031746031746
0.009523809523809523
