0.12447940768162888
0.1022674687644609
0.13008130081300814
0.17073170731707318
0.16260162601626016
0.12956964368347987
0.21138211382113822
0.08560851457658492
0.15733456732993983
0.21544715447154472
0.18324849606663582
0.12031466913465988
0.1991869918699187
0.12124016658954188
0.12170291531698288
0.11383618695048589
0.13975011568718185
0.13419713095788988
0.0962517353077279
0.14715409532623785
0.16260162601626016
0.1948172142526608
0.11105969458583989
0.17886178861788618
0.1938917167977788
0.14391485423415085
0.14634146341463414
0.15363257751041184
0.17073170731707318
0.16427579824155483
0.12170291531698288
