0.8043400563575279
0.8429927427455671
0.7809543157902658
0.752903466100834
0.7684168350244354
0.8456620128440988
0.6243985207089461
0.8586359070439386
0.7124976016072053
0.679268104573688
0.7536690707027385
0.7867104584974586
0.6622178831691139
0.8430378889628786
0.8461642645116872
0.8249248503591006
0.7973047708265144
0.7778147725947413
0.8559892100540626
0.7835088392531311
0.7126443268134671
0.6611663525242379
0.8383502067320535
0.7257630651271807
0.7900832571490917
0.7447244763979338
0.7687272152684508
0.7869907412632664
0.7210528097876998
0.767779144704913
0.8176017576927274
