0.44904497029637774
0.403094787558546
0.3883557332996997
0.4038828656325781
0.4337536661794159
0.44118133088053807
0.388118798461005
0.4478864726579423
0.4232978210630303
0.40165829384456453
0.5740518248184042
0.3988456821296358
0.46153343933912766
0.37966321771428263
0.40920092057074675
0.4445070527685541
0.46602285926993575
0.4969523741176387
0.5580984327391886
0.43463778470878567
0.34684879365266813
0.3959086340298596
0.3652546378142018
0.4027111513445704
0.4215881634588294
0.46346585504202364
0.39603819813781
0.4893293757610096
0.451312285353528
0.4481349737436531
0.44424696463054675
