5.1873044369410886E-9
7.780956643334E-9
0.057908328598013134
7.561730647745262E-9
0.031880465102046514
0.004419417382422769
0.05597759779507597
0.025701359748903415
0.03878799920160623
0.006482527929791721
0.03227634274468236
0.045377695508510056
0.03188046510204652
7.780956643334E-9
5.1873044369410886E-9
5.340656785513825E-9
7.737608358282602E-9
0.04444891259977665
0.06847196177913618
5.1873044369410886E-9
0.03878799920160623
0.004419417382422769
5.1873044369410886E-9
0.06840775166151483
5.1873044369410886E-9
0.045377695508510056
5.1873044369410886E-9
5.440490790234231E-9
0.02070034346694758
5.1873044369410886E-9
0.04357393365533679
