0.05738400527634364
0.047303031522375465
0.3454887502906738
0.03688636485570879
0.04160793806443154
0.09635416666666667
0.28157659444084787
0.06169341081088112
0.25859610799637345
0.047303031522375465
0.035912844606487616
0.047303031522375465
0.04160793806443154
0.047303031522375465
0.05738400527634364
0.02598293806443154
0.03688636485570879
0.062000086598105124
0.34840627210667696
0.05738400527634364
0.25859610799637345
0.09635416666666667
0.05738400527634364
0.34840627210667696
0.05738400527634364
0.047303031522375465
0.05738400527634364
0.03688636485570879
0.06169341081088112
0.05738400527634364
0.0703125
