0.624475645496853
0.7241227525648695
0.6022467767481932
0.7772542070631258
0.8004612438535307
0.5712689473030779
0.605034555667167
0.7029811552164573
0.6307114667629785
0.8404250516359861
0.6659368028201337
0.6594620828207357
0.810284308303518
0.8336738110555562
0.6228503816736455
0.772406631979323
0.766656132549294
0.63788783422309
0.6421673194057254
0.8175735413069077
0.8297404468723076
0.6870050375654151
0.713377952844776
0.6241069513888104
0.6407245215441512
0.7238499941686136
0.7808922397414627
0.7564342765130566
0.8169245644330576
0.7931964650511846
0.617329375514949
