0.47489576716293663
0.44577072115113586
0.4246381084011348
0.42580902331045994
0.3630309843718262
0.44883016861833047
0.3870503447898108
0.4455151182994285
0.41437249285033295
0.40960217861528103
0.42284106332242155
0.38002765894922447
0.4061870117412925
0.5073528072918176
0.42995693448592975
0.4667341128505477
0.4529361355681069
0.4092468643537242
0.3556810414970865
0.3817486542424769
0.5207852150087432
0.44479376446185076
0.35850821155180695
0.43903266920946366
0.46714530094196755
0.37159351827240644
0.3717646642252705
0.41811215765853776
0.42755044039446655
0.453907732789087
0.42469708798796696
