0.20285326738327217
0.1296936402542799
0.2156031647033716
0.09977139739951123
0.0900458944298843
0.2511318465406141
0.21877269482275974
0.14230339943945983
0.1961226350244025
0.08044077441814633
0.17288274624977287
0.17054335672140222
0.08593722092680017
0.07271821465126203
0.19785759939607717
0.10421366999746617
0.11046651115612356
0.18562184029296872
0.1856549705911709
0.08084861033561179
0.08341145842865962
0.15284558284373825
0.13642401756264852
0.19493098074016327
0.1833468003529556
0.14461974744535322
0.11014346510814484
0.1124789297864789
0.10119438108446867
0.09477569719837116
0.2104765591559774
