1.0329534461882721
1.0645292056410796
0.9999999999999999
1.0721261613415518
1.0876723089840221
0.9151956540526133
0.6888608790602845
1.0
0.9243777653281211
1.0858220672043857
1.0233808689315584
1.0682822005323473
0.9999999999999999
1.0795736680176655
1.3044222722698
0.9466749105841722
1.0
1.1261368532416467
0.9999999999999999
0.9580748302267049
1.0
1.030478391243674
1.1057624460170807
0.9328449894715308
1.0
0.9816193580155372
1.1676346704741407
0.9999999999999999
1.0
1.0404202223646493
0.953230878004936
