0.568768732934242
0.47466787901990043
0.5746234301171995
0.48258910058283533
0.5077721126223218
0.48486986668704113
0.5746234301171995
0.4809336074018399
0.4811054187854731
0.5732915146937215
0.48621327137053294
0.5760957397131915
0.5732915146937215
0.5760957397131915
0.7747723131254867
0.5746234301171995
0.7747723131254867
0.4959322532385749
0.4868847143483347
0.5760957397131915
0.5760957397131915
0.48155747291574186
0.5760957397131915
0.49267195912333217
0.47919054770470876
0.4959322532385749
0.5732915146937215
0.883153230911587
0.4942211902845293
0.4959322532385749
0.883153230911587
