0.023809523809523808
0.020995670995670995
0.01645021645021645
0.13181818181818183
0.1727272727272727
0.07200941750488951
0.01645021645021645
0.12219996563340473
0.07200941750488951
0.020995670995670995
0.18636363636363634
0.011904761904761904
0.020995670995670995
0.011904761904761904
0.023809523809523808
0.05
0.023809523809523808
0.011904761904761904
0.07200941750488951
0.03636363636363636
0.011904761904761904
0.07200941750488951
0.011904761904761904
0.020995670995670995
0.12219996563340473
0.011904761904761904
0.020995670995670995
0.023809523809523808
0.01645021645021645
0.03636363636363636
0.023809523809523808
