0.07982637562693534
0.08151508080823287
0.08269295136409474
0.07881694835921232
0.07853219858813892
0.08170933609606663
0.009721889210697715
0.051591584002339375
0.04064089544647544
0.04409733131816748
0.029318364159347087
0.03690106158607088
0.03704640688067325
0.04028099590506044
0.0360317472345556
0.0792367397681249
0.03699238114488433
0.019036732712172637
0.07881694835921232
0.08287749279613761
0.03691090434650492
0.07980770834782434
0.04213935669539408
0.05108790469344889
0.0788160054562427
0.08224978799664731
0.03503794771477303
0.054736794442264605
0.07851188780746153
0.037307435115818716
0.03559449593016915
