0.4021667274076077
0.39359836506812934
0.3879923667209769
0.3932356779721319
0.3932356779721319
0.4680913441522411
0.3580623056401399
0.4038043263097462
0.4668067643273158
0.4677482871127235
0.3817360096103974
0.4608777389704345
0.47267938034258333
0.34803310928744324
0.4680913441522411
0.47267938034258333
0.47267938034258333
0.3719263642385942
0.3932356779721319
0.3872809034698071
0.47267938034258333
0.6531446591759568
0.39359836506812934
0.40017664703764105
0.3932356779721318
0.3932356779721318
0.3895522025206373
0.3896895353309709
0.39083524048153806
0.390251789452238
0.47267938034258333
