1.3667184210613863
1.4149185983375563
1.3720479238523042
1.3964865642896498
1.359283182999448
1.3069048455460814
1.516051350654247
1.3129294964624962
1.3605108244614654
1.3022586478208438
1.3454487657762022
1.3851314251501703
1.2970407264125243
1.6674203880777023
1.2185804198441164
1.269561991085183
1.3211648775503462
1.5276894398202698
1.3964865642896498
1.364170314454003
1.2861767993748583
1.0850798414992662
1.4175749179310235
1.407000935775491
1.3963579652499847
1.396980523233635
1.3401986119304168
1.343955561488074
1.3695130134754252
1.4863025520495836
1.2190203349620108
