0.15634719294719596
0.06857463789531387
0.1257896965915495
0.16253100808646945
0.15634719294719596
0.15308769425325383
0.15606489129539367
0.15574064464566154
0.16247033498806063
0.14108970277988434
0.15597782640949442
0.16247033498806063
0.15588659397012156
0.1627231388648419
0.16219869081995686
0.15221726795769155
0.15641461945049084
0.15634719294719596
0.15606489129539367
0.15634719294719596
0.15597176885033293
0.11866200028867965
0.15599591681202923
0.15328977129468088
0.12613208228181041
0.16207095937816238
0.156410241291736
0.12539207220429738
0.156410241291736
0.156410241291736
0.15634719294719596
