0.6666666666666667
0.9470899470899471
0.9947089947089947
0.9523809523809523
0.6666666666666667
0.9841269841269842
0.9947089947089947
0.9153439153439153
0.9841269841269842
0.9841269841269842
0.9417989417989419
0.9841269841269842
0.9682539682539683
0.9947089947089947
0.9841269841269842
0.9365079365079365
0.9365079365079365
0.6666666666666667
0.9947089947089947
0.6666666666666667
0.9682539682539683
0.6666666666666667
0.8994708994708995
0.9841269841269842
0.9947089947089947
0.9841269841269842
0.9841269841269842
0.9841269841269842
0.9841269841269842
0.9841269841269842
0.6666666666666667
