0.5760957397131915
0.7747723131254867
0.5760957397131915
0.5828428464008183
0.4959322532385749
0.4959322532385749
0.7747723131254867
0.7655437682802724
0.5632358619991683
0.4959322532385749
0.5408670173337645
0.47768042816985146
0.883153230911587
0.5746234301171995
0.5677506906823053
0.883153230911587
0.883153230911587
0.883153230911587
0.4740100890071995
0.4809336074018399
0.5760957397131915
0.7316968740150159
0.883153230911587
0.883153230911587
0.4868847143483347
0.5602935401358642
0.7655437682802724
0.5746234301171995
0.581972589962503
0.5632865587253221
0.5760957397131915
