0.011904761904761904
0.023809523809523808
0.011904761904761904
0.7071147200895262
0.011904761904761904
0.011904761904761904
0.023809523809523808
0.09635888528715805
0.12219996563340473
0.03636363636363636
0.03636363636363636
0.14863766850017912
0.023809523809523808
0.05
0.09635888528715805
0.023809523809523808
0.023809523809523808
0.023809523809523808
0.07200941750488951
0.12219996563340473
0.011904761904761904
0.09635888528715805
0.023809523809523808
0.023809523809523808
0.07200941750488951
0.12219996563340473
0.09635888528715805
0.01645021645021645
0.7206841237809181
0.14863766850017912
0.011904761904761904
