0.13989235062548666
0.11698994853984857
0.12972486996629815
0.13631522854826605
0.12972486996629815
0.14154406512190418
0.15224705895119373
0.1415440651219042
0.14901163875845302
0.1328991320804514
0.13620428641313967
0.16247033498806063
0.14820130553974808
0.1415440651219042
0.15634719294719596
0.12900205824789968
0.13631522854826605
0.15634719294719596
0.11698994853984857
0.1569137160630325
0.13620428641313967
0.1456224361924367
0.14154406512190418
0.1415440651219042
0.1300258837067377
0.13989235062548666
0.14154406512190418
0.14591632520176132
0.15634719294719596
0.13989235062548666
0.14154406512190418
