1.1345382184437693
1.3866622888465072
1.2582891797490507
1.1463166154048192
1.2582891797490507
1.120979184806383
1.2394675269080109
1.120979184806383
1.1827918583347163
1.1718784094132728
1.1435132341181693
1.081074048372705
1.1987034078324545
1.120979184806383
1.0
1.2857094298689562
1.1463166154048192
1.0
1.3866622888465072
1.0810740483727137
1.1435132341181693
1.2187333613685674
1.120979184806383
1.120979184806383
1.2032077913171146
1.1345382184437693
1.120979184806383
1.2238648680572497
1.0
1.1345382184437693
1.120979184806383
