0.03405179209251247
0.026290463312702274
0.031665037365039124
0.025932918097180475
0.03376934586128976
0.02744474868767754
0.030243471795963026
0.03954711980077851
0.03238087193271132
0.03627646913121449
0.03960926246395539
0.027001555683128394
0.023948850928755157
0.033195390004623467
0.02740677299279545
0.035296796742504445
0.021429578225945232
0.023469037825863383
0.018097634101525265
0.03188323747762184
0.024306807645144205
0.01980235591578138
0.022770970209794822
0.016848936925417793
0.04379121994968323
0.04780719277278666
0.0397495915938796
0.03580144519620547
0.03097560799206787
0.0415858190093251
0.02932712045834611
