0.7168015409908842
0.6290184836138042
0.5882364006425812
0.6973115427591111
0.584684898214091
0.6607449878293323
0.7560298416496429
0.6049555497868722
0.6513244771503708
0.7819701056797703
0.5846265843500638
0.6231118535155736
0.7765751327110679
0.6350944120269523
0.6099912341094722
0.6907371248631505
0.8642265136209899
0.6644262856325924
0.7913642810653003
0.6573684269929233
0.6149347449050613
0.6758576840742956
0.6518812804972103
0.6447839189173937
0.6012686087064479
0.7147436259184434
0.8108298250960299
0.8378573605264048
0.6490634041000289
0.7976207943476936
0.6388415480637915
