0.13616346363765033
0.21003871844155694
0.2325684405108147
0.14627427436219917
0.23775302793015762
0.17442776391467738
0.1219683687025227
0.21492422418983956
0.17560702995952723
0.09946246753436634
0.22956377006647624
0.2038803586089274
0.1078206075939353
0.1962571298913706
0.2096910105402033
0.15192389560998926
0.06336038375540158
0.17682821623675835
0.09430006548797877
0.17204123234551652
0.20537016088762425
0.16105238213786907
0.18525965911194855
0.18044356011352305
0.21526264988285862
0.13814093409632047
0.08528565421249486
0.0733403463452783
0.1803624171734158
0.09261463773535633
0.18748265782460405
