1.5567065143007937
1.4620788327963385
1.4387153362600635
1.3824090093083037
1.3662035734208917
1.1521896547097903
1.2183182714529672
1.3472096361168164
1.2650393136373603
1.307855489502506
1.509567173414438
1.417603994864483
1.556814191967937
1.2366349783387816
1.396006295285088
1.4974125307253452
1.549971742750316
1.3196512082883394
1.3441131688412755
1.190001468890505
1.2295351035300057
1.404057677036396
1.5021589135494096
1.2759829080672258
1.1851126295952705
1.1622699374788035
1.411716115083628
1.5273261752768927
1.1555419566186498
1.200733005441197
1.3788864410231159
