0.12601626016260162
0.13465987968533086
0.10569105691056911
0.14252660805182785
0.2886178861788618
0.08236927348449792
0.1016260162601626
0.21138211382113822
0.15178158260064784
0.18093475242943083
0.14298935677926886
0.21951219512195122
0.12077741786210087
0.08943089430894309
0.08144377602961592
0.14715409532623785
0.0975609756097561
0.14634146341463414
0.2845528455284553
0.11846367422489588
0.12725590004627488
0.10689495603887089
0.26422764227642276
0.13651087459509487
0.22764227642276422
0.13836186950485888
0.12818139750115687
0.12725590004627488
0.07496529384544193
0.13821138211382114
0.11152244331328089
