0.8007810295594858
0.8224775491623496
0.8425789024202135
0.7738174512703018
0.6175626309710576
0.8691380458459836
0.8185949744735764
0.6689202153474565
0.7861536551506191
0.775781311723344
0.8386097974815935
0.6883895215629621
0.8577781289150236
0.8380943781672894
0.8625466981185314
0.7973762523372573
0.8372290756688223
0.7647769212537104
0.6224158493320241
0.7955327817970452
0.7769551133734383
0.7987118279327171
0.6472481499456364
0.8634891254049051
0.6729984236445788
0.840622566336723
0.8363788219094592
0.7982415548357242
0.8836713656354519
0.7987795472586842
0.818557352625817
