0.08776843768022001
0.09590641844676497
0.066054313568318
0.10799623500869089
0.20600541864715416
0.055620652767588596
0.080094785253383
0.16340936548382545
0.10513255266809231
0.11923864561480668
0.0856807603318898
0.15290041124806025
0.07104359848514621
0.0691837103079079
0.05823819121933722
0.09960048002388322
0.07160600873372185
0.10713471993898033
0.20242420614594034
0.09393474684355292
0.10382395514314056
0.09078455343064691
0.18442120668220963
0.07650778960357858
0.1626105055755473
0.08262612341481887
0.08016269302756093
0.09437451135453262
0.04820257233876394
0.08843545225982345
0.08513316591240515
