0.025157286432774435
0.05423919846855127
0.10334428412402363
0.055523332380656265
0.07185729076979405
0.06668607647929882
0.05036618609348453
0.06971327995579832
0.0061249377471555766
0.03487587353659652
0.07005358613514848
0.0676102137307768
0.040490109024420205
0.053995296216901245
0.06402976403041206
0.06670836115366739
0.06122422587545238
0.062175762359819975
0.06943828971115477
0.07769968218232305
0.06746709601938708
0.03471669457705673
0.07455214750793482
0.06670836115366739
0.07692814338703585
0.07831147636450239
0.05036618609348453
0.057007153406238
0.06086306033817781
0.03851926190676145
0.07953169334754534
