0.3896895353309709
0.47267938034258333
0.47019991210284184
0.5365410293663555
0.47019991210284184
0.3932356779721319
0.39359836506812934
0.4018845417379356
0.4038043263097462
0.47267938034258333
0.38460462296723963
0.3932356779721319
0.47019991210284184
0.4622633339800042
0.5485286212856073
0.3880765167508951
0.47267938034258333
0.3879923667209769
0.3932356779721319
0.47267938034258333
0.5485286212856073
0.4021667274076077
0.47019991210284184
0.3880765167508951
0.47267938034258333
0.47267938034258333
0.39359836506812934
0.3880765167508951
0.5485286212856073
0.3879923667209769
0.6524069333552346
