0.1280769046596533
0.12000000000000002
0.12000000000000002
0.15757539064518594
0.12000000000000002
0.020689655172413793
0.0
0.12000000000000002
0.020689655172413793
0.12000000000000002
0.0
0.020689655172413793
0.12000000000000002
0.17228939118473355
0.05172413793103449
0.020689655172413793
0.041379310344827586
0.1329769147627595
0.020689655172413793
0.041379310344827586
0.05172413793103449
0.03103448275862069
0.12000000000000002
0.020689655172413793
0.12000000000000002
0.041379310344827586
0.0
0.03103448275862069
0.05172413793103449
0.1329769147627595
0.06206896551724138
