1.313784675140311
1.2189859642245702
1.29047660572467
1.1245066338633085
1.29047660572467
1.3833352444638911
1.3595325726853542
1.5302404092006163
1.2486047315319093
1.0
1.4078740680450044
1.3964865642896498
1.22248201169225
1.1241226036236218
1.1019441344918954
1.3766484435490587
1.2190203349620108
1.3626733309165557
1.4207418429462007
1.2861767993748583
1.1019441344918954
1.3283547008367
1.2224820116922466
1.3766484435490587
1.2189859642245704
1.2861767993748583
1.3595325726853542
1.385955583352752
1.1019441344918954
1.3208363194684916
1.1014470452533016
