0.0676102137307768
0.051511685931760275
0.06884015928195229
0.05604242924897937
0.051359978257441305
0.08115585360498974
0.05650762550540461
0.06184716891016269
0.07769968218232305
0.04812552604102756
0.07151385371934528
0.08573526705110175
0.04994937328224345
0.07619855473591121
0.06623300605374566
0.07278103417512685
0.05036618609348453
0.049738796230628185
0.0512019867871118
0.04986091772141142
0.08148642471783474
0.0676102137307768
0.06570332739644957
0.036377768110880865
0.09206395736471971
0.06383705286321179
0.027932729684343648
0.049738796230628185
0.08030671903893591
0.05135274290340816
0.059427824958026836
