0.3932356779721319
0.3884440209446015
0.3884440209446015
0.3879923667209769
0.3867721309863586
0.5269337009959842
0.3932356779721318
0.4652169812297447
0.47267938034258333
0.38640303667754305
0.47019991210284184
0.37344186699636067
0.3932356779721319
0.47267938034258333
0.538222675450867
0.3872809034698071
0.39359836506812934
0.39359836506812934
0.3867721309863586
0.39359836506812934
0.4614521390499182
0.3932356779721319
0.47019991210284184
0.46461098880390106
0.3879923667209769
0.3896895353309709
0.45388881595672037
0.39359836506812934
0.47019991210284184
0.3880765167508951
0.4680913441522411
