0.06496251196902868
0.05324776477074006
0.07916945671463188
0.05354502475784778
0.08860183031821067
0.06250765069453623
0.06196842144273915
0.08460158412322664
0.05702307945291008
0.07205862876594814
0.07662046011590133
0.05640778841799479
0.051033051576609305
0.060762695924040024
0.06414266168048954
0.07618527546339073
0.06914587571417828
0.07619872560751646
0.06521602090676605
0.07875192790669536
0.0828265759775835
0.08262711580700889
0.07854233116789335
0.08766594863527846
0.07126124418329058
0.08365665063646094
0.05828081865469836
0.04738842159118385
0.060125880777812786
0.0698581161572315
0.0838238897457876
