1.180449098801105
1.1813627404610325
1.1823592030454069
1.1804490988011094
1.0
1.3151007342277652
1.4879610777399892
1.1813627404610325
1.3151007342277652
1.3160801620438916
1.1813627404610325
1.3151007342277652
1.1813627404610325
1.1804490988011065
1.3297247073056333
1.1804490988010996
1.1804490988011032
1.1823592030454053
1.180449098801105
1.1823592030454066
1.1804490988010972
1.1804490988010972
1.1823592030454064
1.1813627404610325
1.180449098801102
1.0671430120403655
1.4798659303012591
1.1823592030453938
1.317101034357956
1.1804490988011027
1.0671430120403655
