0.051767808847038174
0.014656234547643093
0.05535835172552711
0.07953169334754534
0.10481708641559345
0.08189545688825532
0.03487587353659652
0.04034299012198221
0.07812444193973107
0.056508681829979084
0.037781819896084645
0.013337215295859768
0.07949360122298349
0.0812659951655691
0.11128861366768111
0.05199433801923088
0.10492057836575125
0.05211396140405473
0.05448597891690163
0.05506026313106174
0.036085240501839734
0.0361777484236576
0.036298894282126314
0.036446311773157686
0.035594495930169154
0.035594495930169154
0.07994719948710201
0.07979760530206416
0.07858427502294778
0.051166429773789525
0.05194789851310568
