1.5519414867647103
1.419892415642321
1.2224820116922457
1.1014470452533016
1.4474306235357706
1.2877719858278813
1.0
1.4786497938294976
1.3831414300469163
1.388981893245361
1.4470985000241967
1.3820417602607131
1.3173901348122878
1.1954070307771123
1.6353372487790743
1.3739122755692743
1.4596554324215794
1.4528272955437251
1.4235106872247925
1.2171453538477264
1.3146881671084987
1.4365409596311656
1.2190203349620108
1.3085705710848408
1.2190203349620108
1.2190203349620108
1.286176799374858
1.323128950436925
1.3833590998544127
1.389772014453081
1.4333188912894694
