3.8850711219559295E-9
1.5625000002179583E-4
3.8850711219559295E-9
2.5952727448054872E-9
2.6017447567127134E-9
0.0015640363137826901
3.8850711219559295E-9
2.617854785218602E-9
0.002198632387420663
1.5625000002179697E-4
2.617854785218602E-9
0.002811362326364767
0.002221054952724429
0.0016327694734196076
0.0019623487821259027
2.6017447567127134E-9
0.00162063198245143
0.0012768840155461883
3.8850711219559295E-9
0.0015640363137800586
0.0019373065045859455
0.0038010425281465414
1.5625000002179697E-4
2.6017447567127134E-9
3.8850711219559295E-9
0.001594950106063178
0.0019373065045859455
0.0026891199007911437
3.8850711219559295E-9
2.6017447567127134E-9
3.8850711219559295E-9
