0.9300862710138261
0.984262672882985
0.9300862710138261
0.9532822631058463
0.9300862710138261
0.9844985643315036
0.9300862710138261
0.9300862710138261
0.984262672882985
0.984262672882985
0.9863070654063495
0.9348377966161986
0.9555625480865506
0.9341750561214828
0.984262672882985
0.9300862710138261
0.8806613947470397
0.9627965494379732
0.9300862710138261
0.9844985643315036
0.9863070654063495
0.9305805176167429
0.984262672882985
0.9300862710138261
0.9863070654063495
0.9844985643315036
0.9863070654063495
0.9844985643315036
0.9863070654063495
0.9300862710138261
0.9300862710138261
