0.29080365179801443
0.28844785881748514
0.29080365179801443
0.23666384827370704
0.29080365179801443
0.22837448797855667
0.29080365179801443
0.29080365179801443
0.28844785881748514
0.28844785881748514
0.2903073148967722
0.23590251574246582
0.2554377118963305
0.2230645348345521
0.23123544530631723
0.29080365179801443
0.2364556977829048
0.24282144825842641
0.29080365179801443
0.22837448797855667
0.2311767817707905
0.22897113243380737
0.28844785881748514
0.29080365179801443
0.2903073148967722
0.22837448797855667
0.2311767817707905
0.22837448797855667
0.2903073148967722
0.29080365179801443
0.29080365179801443
