1.0527762628061494
1.112901023319688
1.0527762628061494
1.315209158115116
1.0527762628061494
1.51265620442783
1.0527762628061494
1.0527762628061494
1.1129010233196694
1.112901023319688
1.1006578796190125
1.2851856610020886
1.2846004888691644
1.4174399447338162
1.5309024605697723
1.0527762628061494
1.2609674940402409
1.244674399237028
1.0527762628061494
1.51265620442783
1.5285888576374422
1.5067030860676007
1.112901023319688
1.0527762628061494
1.1006578796190123
1.5126562044278296
1.5285888576374222
1.5126562044278105
1.1006578796190123
1.0527762628061494
1.0527762628061494
