0.6859999037731859
0.6423946429445813
0.6915527094241021
0.6915527094241021
0.6356219003957466
0.8267610316341051
0.8267610316341051
0.8267610316341051
0.8267610316341051
0.6915527094241021
0.8267610316341051
0.5059123862221819
0.6234298921456256
0.8347675739066979
0.8347675739066979
0.6915527094241021
0.8267610316341051
0.6915527094241021
0.6423946429445813
0.6915527094241021
0.6915527094241021
0.6915527094241021
0.6334061958013045
0.6423946429445813
0.6915527094241021
0.8267610316341051
0.6915527094241021
0.6915527094241021
0.8267610316341051
0.6423946429445813
0.5059123862221819
