0.5442166071600837
0.5409176943400066
0.5442166071600837
0.5409176943400066
0.5507938777599514
0.5442166071600837
0.5371993847726853
0.5442166071600837
0.5441166586001245
0.5442166071600837
0.5442166071600837
0.3901572832552002
0.5441166586001245
0.5442166071600837
0.37385120342073996
0.43929443303430626
0.5442166071600837
0.5441166586001245
0.5442166071600837
0.5409176943400066
0.5442166071600837
0.38994213667115285
0.5442166071600837
0.5442166071600837
0.37385120342073996
0.37385120342073996
0.5441166586001245
0.5442166071600837
0.5442166071600837
0.5442166071600837
0.5442166071600837
