1.2860326094404944
1.342621420973227
1.319409005668109
1.36685139052515
1.3017449510803674
1.3500494530809977
1.4560943027997444
1.3683988170172867
1.2686379465685862
1.3500494530809979
1.3670642109757165
1.453240878037182
1.3693180627005994
1.3670642109757056
1.4986531841266462
1.466873204425171
1.3449861629069135
1.2241537163239744
1.3500494530809979
1.3668513905251525
1.3500494530809979
1.4586043667123076
1.2844856616385152
1.354766226952265
1.5089152766178824
1.4624775031542998
1.291636962479733
1.2631712590856417
1.3500494530809977
1.2917295870605698
1.3500494530809979
