0.020221817061679633
4.018068737325073E-9
0.020221817061679633
0.02952932006463689
0.0018221724671459417
0.0017951758270499745
0.024037856912721686
5.471315340307336E-9
0.02198332177232154
3.816284041021402E-9
0.022522561162855094
0.020221817061679633
0.016007850935366455
0.007247686558524505
0.023624455023416913
0.022865569651467337
4.242029009906171E-9
3.667978143440106E-9
0.038019667949451975
0.0018221724671459417
0.020146218688963383
0.022865569651467337
0.020146218688963383
0.0018221724671459417
5.471315340307336E-9
0.025594511573386373
0.03852713965193441
0.014890898539825392
3.798615964420081E-9
5.4094905835765795E-9
0.02355988495008816
