0.2330877421474662
0.29080365179801443
0.2330877421474662
0.2364556977829048
0.28844785881748514
0.28844785881748514
0.2364556977829048
0.29080365179801443
0.2364556977829048
0.23666384827370704
0.22897113243380737
0.2330877421474662
0.23370563184461532
0.2364556977829048
0.23370563184461532
0.2266322935729765
0.29080365179801443
0.29230058908819434
0.25707625198316086
0.28844785881748514
0.231877156626301
0.2266322935729765
0.231877156626301
0.28844785881748514
0.29080365179801443
0.23370563184461532
0.22767593709479927
0.24282144825842641
0.23666384827370704
0.29080365179801443
0.23370563184461532
