0.035912844606487616
0.03688636485570879
0.035912844606487616
0.047303031522375465
0.031191271397764873
0.031191271397764873
0.047303031522375465
0.03688636485570879
0.047303031522375465
0.02598293806443154
0.04160793806443154
0.035912844606487616
0.047303031522375465
0.047303031522375465
0.047303031522375465
0.04160793806443154
0.03688636485570879
0.05738400527634364
0.25930555641542374
0.031191271397764873
0.050303223894993275
0.04160793806443154
0.050303223894993275
0.031191271397764873
0.03688636485570879
0.047303031522375465
0.25930555641542374
0.03688636485570879
0.02598293806443154
0.03688636485570879
0.047303031522375465
