0.8660254037844386
0.8660254037844386
0.8470832468191329
0.8660254037844386
0.8660254037844386
0.8660254037844386
0.7367598235098894
0.8084682282868448
0.7036392354957798
0.8531271017918668
0.8660254037844386
0.8531271017918668
0.8531271017918668
0.8531271017918668
0.8470832468191329
0.8531271017918668
0.8531271017918668
0.8660254037844386
0.8531271017918668
0.8660254037844386
0.8141345313608418
0.7712147880220311
0.8531271017918668
0.8660254037844386
0.8531271017918668
0.8470832468191329
0.8660254037844386
0.8531271017918668
0.8660254037844386
0.8660254037844386
0.8660254037844386
