0.06581218958975886
0.05004173908153767
0.04821925967421284
0.06435926744301862
0.09593698725637592
0.06516929718237609
0.0856341573232509
0.08870672616227297
0.057671454854013746
0.06055162652936768
0.050343457964938026
0.05519287791809292
0.07769968218232305
0.05192122950110931
0.00517241379310345
0.08639623429554508
0.07665596199642094
0.05979795474396057
0.08504326695885901
0.08017232455198713
0.04994937328224345
0.08215960584751325
0.07147754722108385
0.06516460134677342
0.006124937747155573
0.05325549140869974
0.0496302037588499
0.0735606127457619
0.08598800340605729
0.059085260612767414
0.07269731679285156
