0.3580623056401399
0.3932356779721319
0.40749768927509483
0.3879923667209769
0.6531446591759568
0.37579475034571197
0.5476499879023045
0.3749829554107193
0.3896895353309709
0.4038043263097462
0.3932356779721319
0.47019991210284184
0.47267938034258333
0.3884440209446015
0.4021667274076077
0.47019991210284184
0.47267938034258333
0.47267938034258333
0.3580623056401399
0.4656463357929854
0.3932356779721319
0.5425205415770948
0.47019991210284184
0.39359836506812934
0.4038043263097462
0.3879923667209769
0.39359836506812934
0.47019991210284184
0.37498295541071935
0.3580623056401399
0.40017664703764105
