1.5124889019042331
1.373276313888863
1.3241151006493939
1.368543479040465
1.0850798414992662
1.5408614279343924
1.1954070307771123
1.6225779162479996
1.307203835503896
1.389772014453081
1.3579213037249682
1.2224820116922457
1.2861767993748583
1.3962868784650182
1.0
1.29047660572467
1.2227151708547221
1.2877719858278815
1.6910812943974025
1.2180556036250378
1.3592831829994487
1.2577650295411227
1.29047660572467
1.4038430830785413
1.2486047315319093
1.2471499600225902
1.3579496816313399
1.29047660572467
1.6385141549544424
1.566460665322137
1.407000935775491
