0.10735770476631189
0.1991869918699187
0.17886178861788618
0.12601626016260162
0.11382113821138211
0.13008130081300814
0.21544715447154472
0.13512262841277187
0.15040650406504066
0.1004164738546969
0.22443313280888477
0.16666666666666666
0.11198519204072188
0.14854234150856085
0.16666666666666666
0.07265155020823692
0.13465987968533086
0.2032520325203252
0.12195121951219512
0.1951219512195122
0.18093475242943083
0.15363257751041184
0.18699186991869918
0.0999537251272559
0.13095788986580287
0.15548357242017585
0.12031466913465988
0.13975011568718185
0.1018047200370199
0.12725590004627488
0.11753817677001388
