0.8236983781221431
0.6833406695936464
0.7014443027354845
0.776514937754653
0.7881701861905246
0.7845772997294989
0.6629308171841551
0.8332355165291587
0.7925869911174818
0.8191329668965361
0.6273894576058209
0.7500385623939535
0.8085988495238955
0.7268540987122042
0.7477248187567485
0.8670331034638435
0.833681335425108
0.6654928650165725
0.802880328664462
0.6529158813105947
0.7025315741357321
0.7603544730495895
0.7671094758147952
0.8158956068968372
0.798388280041986
0.8033205042832473
0.7831345018679247
0.7903108693280362
0.8470784754122415
0.7663118926422953
0.8143042027366132
