0.46676275820811447
0.3963368604275626
0.41228029917847286
0.4148329697321064
0.4260229161664275
0.3971739400889964
0.3761279602010579
0.42434226881636744
0.42654207132931893
0.4384129548135949
0.35717702737568136
0.4036157847571015
0.3766396854612542
0.37754623414019894
0.3761906530643299
0.4519999547708349
0.4514598322488749
0.5460374465960431
0.445893413221568
0.39061145913909784
0.5159554097586193
0.3769745767459798
0.4212098087968732
0.4492876515565258
0.4269297176374581
0.4728297388933027
0.4450417900035066
0.44511477131722255
0.44019671894707074
0.5174435367176807
0.38188774156984123
