0.0795626466072683
0.15415440547040152
0.1433609172901643
0.1019587209856172
0.09623572464945022
0.09676673102887783
0.16731057566249283
0.08354858235332346
0.0915686831914454
0.08044522451121847
0.19481466207202927
0.1144366861340122
0.08699757269918866
0.1307250873934937
0.11577676820258166
0.05499395114653804
0.08324729805578741
0.16559420257573984
0.08681642534687321
0.17490477025348153
0.1481954420475903
0.11615418728494435
0.10900759114514164
0.0818681424021565
0.09510494902339672
0.10017132482649153
0.09990675950734178
0.10043956223380757
0.06873552237773484
0.10879945060997244
0.08557148548021588
