0.12478053862619166
0.03062919092561146
0.030527583812188782
0.12483245370306738
0.0513030771357344
0.12477404772280078
0.12477404772280078
0.12477457760512246
0.03018224623814405
0.03241082032134735
0.12530191008709315
0.05781699842623456
0.10447615356062828
0.05296861937865164
0.12530191008709315
0.12477404772280078
0.10394138060210337
0.0561352414768523
0.12477404772280078
0.0513030771357344
0.12477404772280078
0.12530191008709315
0.05669167777780706
0.05257386622588569
0.12471797510919487
0.12424500698860891
0.09983142390158703
0.12530191008709315
0.12530191008709315
0.0513030771357344
0.12530191008709315
