0.568768732934242
0.465855735891643
0.48812175672578545
0.5753421005981119
0.5760957397131915
0.5760957397131915
0.5760957397131915
0.5732915146937215
0.4942211902845293
0.4798166795787608
0.883153230911587
0.5625751812771815
0.5746234301171995
0.4868847143483347
0.883153230911587
0.5760957397131915
0.7747723131254867
0.48141029939645696
0.5760957397131915
0.5760957397131915
0.5760957397131915
0.883153230911587
0.4862557635348759
0.5760957397131915
0.4863407367257901
0.5732915146937215
0.48155747291574186
0.883153230911587
0.883153230911587
0.5760957397131915
0.883153230911587
