0.023809523809523808
0.07200941750488951
0.023809523809523808
0.023809523809523808
0.011904761904761904
0.011904761904761904
0.011904761904761904
0.020995670995670995
0.01645021645021645
0.07200941750488951
0.023809523809523808
0.20225192493430255
0.01645021645021645
0.07200941750488951
0.023809523809523808
0.011904761904761904
0.023809523809523808
0.11818181818181818
0.011904761904761904
0.011904761904761904
0.011904761904761904
0.023809523809523808
0.14863766850017912
0.011904761904761904
0.023809523809523808
0.020995670995670995
0.07200941750488951
0.023809523809523808
0.023809523809523808
0.011904761904761904
0.023809523809523808
