0.03674576974465808
0.0788539650282029
0.014608423981542561
0.04054942975612728
0.034722037507580544
0.05708996129412724
0.07802173999784345
0.08139928456426368
0.1028393965562016
0.08097806199362052
0.08376618225956976
0.08275334917138474
0.11117907621785146
0.07980073726905522
0.009432082763504658
0.10286776917992337
0.08082206764855593
0.11180340727158553
0.10551292479092123
0.08166507312742208
0.07915994987070255
0.017632564378334666
0.0812659951655691
0.055693156679372455
0.035594495930169154
0.05151738118567991
0.041391015809312
0.1055034074071075
0.05708996129412724
0.008929514086349281
0.03639139522089922
