0.39359836506812934
0.4021667274076077
0.4021667274076077
0.357813157421606
0.3944433380650209
0.47019991210284184
0.47267938034258333
0.47267938034258333
0.47267938034258333
0.39396071826821344
0.38030046705538517
0.4622633339800042
0.37344186699636067
0.47267938034258333
0.4021667274076077
0.6524069333552346
0.3880765167508951
0.5207425189947428
0.4668067643273158
0.3872809034698071
0.40749768927509483
0.3884440209446015
0.5476499879023045
0.47019991210284184
0.47267938034258333
0.3932356779721318
0.47019991210284184
0.4668067643273158
0.47019991210284184
0.40749768927509483
0.3879923667209769
