0.0
0.03103448275862069
0.03103448275862069
0.08275862068965517
0.04827586206896552
0.12000000000000002
0.034482758620689655
0.12000000000000002
0.041379310344827586
0.041379310344827586
0.18010587431214703
0.12068965517241378
0.020689655172413793
0.12000000000000002
0.03103448275862069
0.06206896551724138
0.03103448275862069
0.05172413793103449
0.138415788414775
0.1329769147627595
0.0
0.0
0.06206896551724138
0.12000000000000002
0.041379310344827586
0.013793103448275862
0.12000000000000002
0.10344827586206898
0.12000000000000002
0.0
0.05862068965517242
