5.486662678523443E-9
5.501967206619985E-9
0.055008157439443144
3.667978143440106E-9
0.002553768031086355
0.0025537680310832645
8.26797284725889E-4
0.0032412639648981938
5.486662678523443E-9
0.010111505579177671
0.006622005092364187
0.03426734878207842
5.486662678523443E-9
3.1250000004789583E-4
0.024166290857113294
0.0032562936507857456
5.486662678523443E-9
3.6908318107946887E-9
5.486662678523443E-9
3.690831810794689E-9
0.009947545892715485
5.486662678523443E-9
0.005844978129132178
3.6908318107946887E-9
0.0024908529350571975
3.7135448361900355E-9
3.125000000481648E-4
3.6908318107946887E-9
3.6908318107946887E-9
3.125000000481644E-4
0.03376653166547878
