0.9300862710138261
0.8761682242990654
0.8795942666392711
0.8626887474361724
0.9627965494379732
0.9627965494379732
0.984262672882985
0.8806613947470397
0.9300862710138261
0.8451765814684278
0.8394140904643094
0.7295785383686241
0.9300862710138261
0.984262672882985
0.8772915153376528
0.9348377966161986
0.9300862710138261
0.9300862710138261
0.9300862710138261
0.9300862710138261
0.8674627066858376
0.9300862710138261
0.8667437992722202
0.9300862710138261
0.9634255932538223
0.9863070654063495
0.984262672882985
0.9300862710138261
0.9300862710138261
0.984262672882985
0.7822609561583191
