0.29080365179801443
0.29645874055557225
0.2037685675681883
0.29230058908819434
0.24282144825842641
0.24282144825842641
0.28844785881748514
0.2364556977829048
0.29080365179801443
0.19336613702224278
0.2038256761467595
0.21660514532897293
0.29080365179801443
0.28844785881748514
0.23411153219922476
0.23590251574246582
0.29080365179801443
0.29080365179801443
0.29080365179801443
0.29080365179801443
0.1870793408788444
0.29080365179801443
0.1971142367672428
0.29080365179801443
0.24410278708952757
0.2903073148967722
0.28844785881748514
0.29080365179801443
0.29080365179801443
0.28844785881748514
0.20718380320321184
