0.03688636485570879
0.047303031522375465
0.0703125
0.05738400527634364
0.03688636485570879
0.03688636485570879
0.031191271397764873
0.047303031522375465
0.03688636485570879
0.09635416666666667
0.09635416666666667
0.24213431458557408
0.03688636485570879
0.031191271397764873
0.06169341081088112
0.04160793806443154
0.03688636485570879
0.03688636485570879
0.03688636485570879
0.03688636485570879
0.0703125
0.03688636485570879
0.08072916666666667
0.03688636485570879
0.03688636485570879
0.025496177939820952
0.031191271397764873
0.03688636485570879
0.03688636485570879
0.031191271397764873
0.21781493596984877
