0.18687363507926855
0.19505177350172193
0.1496940454440574
0.12472898883623298
0.18672641994363737
0.1707406937460249
0.17722494005094278
0.10591308997052044
0.16728495852653766
0.15401499297545634
0.154686623959202
0.19916067164289547
0.13985079927917035
0.154236438140102
0.10891351435466141
0.16216563876842904
0.14142135904709938
0.10400884406851124
0.08319620910192349
0.13332072540800832
0.20018250730613604
0.15396042819799327
0.17321678124997145
0.14344587302483763
0.15224373610512235
0.12062665326481785
0.1420991355549547
0.1611929456137161
0.18065937171676716
0.07147900428252504
0.17037591825441578
