0.7666666666666666
0.9433962264150944
0.8867924528301887
0.9056603773584906
0.679874213836478
0.9389937106918239
0.8490566037735849
0.9257861635220126
0.7232704402515723
0.9389937106918239
0.8490566037735849
0.6509433962264151
0.6654088050314465
0.7666666666666666
0.9257861635220126
0.9245283018867925
0.7666666666666666
0.7232704402515723
0.8679245283018868
0.8490566037735849
0.8867924528301887
0.8779874213836478
0.9069182389937107
0.6364779874213836
0.7232704402515723
0.8823899371069183
0.8823899371069183
0.9245283018867925
0.9867924528301887
0.9056603773584906
0.9257861635220126
