0.49112716468736695
0.5542346416769278
0.43929443303430626
0.3831149862675507
0.42783329380728924
0.5409176943400066
0.5501155945265926
0.37729819868471354
0.5451951636155757
0.5409176943400066
0.5501155945265926
0.6639555980319981
0.42690774102060386
0.548990968186072
0.37729819868471354
0.5531988173451454
0.548990968186072
0.37729819868471354
0.3879714211017584
0.38710383857182373
0.43929443303430626
0.483701616889727
0.4857010074635429
0.5404952545339623
0.5451951636155757
0.4289199826728978
0.4289199826728978
0.5531988173451454
0.5442166071600837
0.38760201453849746
0.43670130735256046
