0.11666666666666665
0.018867924528301886
0.04716981132075473
0.03773584905660378
0.14099797436347955
0.025157232704402514
0.0660377358490566
0.0440251572327044
0.12722855304613698
0.025157232704402514
0.0660377358490566
0.15230996320840273
0.14646072023458906
0.11666666666666665
0.0440251572327044
0.028301886792452827
0.11666666666666665
0.12722855304613698
0.05660377358490567
0.0660377358490566
0.04716981132075473
0.05974842767295598
0.05345911949685534
0.15851234261813296
0.12722855304613698
0.053459119496855355
0.053459119496855355
0.028301886792452827
0.009433962264150943
0.03773584905660378
0.0440251572327044
