1.166934324076349
1.1553458187199015
1.221512888579197
1.3921861674925966
1.2462000237162605
1.2639422658693868
1.150069855502099
1.3362134154360836
1.1183431404973028
1.205048926862814
1.0636260644121447
1.0561573823258412
1.1415762212313736
1.0658867798582032
1.3076010867311794
1.1120548124802576
1.0
1.2030738804727525
1.1941795957365016
1.270212033819788
1.2457302337262757
1.1999706982129517
1.305448073730173
1.0
1.0668329401575667
1.199057034546669
1.2600055206517558
1.1120548124802576
1.2809958908843884
1.0820304563171332
1.3431727894860284
