0.14154406512190418
0.1415440651219042
0.14923280364844121
0.14154406512190418
0.14923280364844121
0.14916021859406575
0.14154406512190418
0.14916021859406575
0.13989235062548666
0.14901163875845302
0.13620428641313967
0.14916021859406575
0.14154406512190418
0.15634719294719596
0.16247033498806063
0.16020927790765493
0.12714909963954824
0.1456224361924367
0.15634719294719596
0.12968281435397744
0.15634719294719596
0.1429509212119199
0.14295287901704828
0.15766591372381775
0.156410241291736
0.14820130553974808
0.16186569129315795
0.12543091040846366
0.14154406512190418
0.14154406512190418
0.15634719294719596
