1.120979184806383
1.120979184806383
1.1894024297563792
1.120979184806383
1.1894024297563792
1.1894024297563792
1.120979184806383
1.1894024297563792
1.1345382184437693
1.1827918583347163
1.1435132341181693
1.1894024297563792
1.120979184806383
1.0
1.081074048372705
1.081074048372709
1.2835992040915174
1.2187333613685674
1.0
1.2582891797490507
1.0
1.2569091673989803
1.2584210915103828
1.0810740483727137
1.0810740483727137
1.1987034078324545
1.0994864280935726
1.0994864280935703
1.120979184806383
1.120979184806383
1.0
