0.9965367965367965
0.9965367965367965
0.9965367965367965
0.8874458874458874
0.8536796536796536
0.9965367965367965
0.9948051948051948
0.9965367965367965
0.9948051948051948
0.9965367965367965
0.9939393939393939
0.8173160173160173
0.9948051948051948
0.9965367965367965
0.9965367965367965
0.9965367965367965
0.9956709956709957
0.9965367965367965
0.9956709956709957
0.9965367965367965
0.9965367965367965
0.9965367965367965
0.9965367965367965
0.8874458874458874
0.9965367965367965
0.8129870129870129
0.8874458874458874
0.9956709956709957
0.9090909090909091
0.9523809523809523
0.9523809523809523
