0.5760957397131915
0.5760957397131915
0.5760957397131915
0.4664430190300351
0.42622650733500056
0.5760957397131915
0.5732915146937215
0.5760957397131915
0.5732915146937215
0.5760957397131915
0.48750894071193945
0.46671182610826956
0.5732915146937215
0.5760957397131915
0.5760957397131915
0.5760957397131915
0.5746234301171995
0.5760957397131915
0.5746234301171995
0.5760957397131915
0.5760957397131915
0.5760957397131915
0.4959322532385749
0.48486986668704113
0.5760957397131915
0.4635326077328387
0.48486986668704113
0.5746234301171995
0.4863208225859642
0.883153230911587
0.883153230911587
