1.1804490988011145
1.1804490988010972
1.1804490988010972
1.4797865845604554
1.5453024783016553
1.1804490988011143
1.1823592030453904
1.1804490988010972
1.1823592030454084
1.1804490988010972
1.2719251336217494
1.3826851223102001
1.1823592030454084
1.1804490988010972
1.1804490988010972
1.1804490988011145
1.1813627404610325
1.1804490988010972
1.1813627404610325
1.1804490988010972
1.1804490988010972
1.1804490988011145
1.2655247171976374
1.4688156863641282
1.2375989956586193
1.4571324714255012
1.4688156863641284
1.1813627404610325
1.4152196520502343
1.0
1.0
