0.394489156235499
0.47267938034258333
0.46612345218879775
0.35218604723439484
0.6437661117905955
0.3867721309863586
0.3884440209446015
0.4680913441522411
0.3884440209446015
0.4668067643273158
0.5341310989824624
0.47267938034258333
0.3823790016339576
0.3580623056401399
0.47267938034258333
0.47019991210284184
0.4021667274076077
0.5275067496414986
0.47019991210284184
0.47267938034258333
0.3884440209446015
0.47267938034258333
0.4668067643273158
0.40017664703764105
0.6531446591759568
0.3837863221648628
0.5365410293663555
0.3932356779721319
0.538222675450867
0.46461098880390106
0.45388881595672037
