0.08275862068965517
0.041379310344827586
0.1329769147627595
0.03103448275862069
0.15075767016449385
0.0
0.0
0.1329769147627595
0.0
0.138415788414775
0.21597554306105385
0.12000000000000002
0.05862068965517242
0.0
0.041379310344827586
0.12000000000000002
0.03103448275862069
0.6044348244912385
0.12000000000000002
0.12000000000000002
0.0
0.12000000000000002
0.138415788414775
0.020689655172413793
0.05172413793103449
0.15075767016449385
0.15757539064518594
0.020689655172413793
0.14435659406696902
0.15075767016449385
0.07241379310344828
