0.22110832070488734
0.22985355594205598
0.19037291305570261
0.1828334549019271
0.18825051170685547
0.17613915016411646
0.19262194909881145
0.1982949710882777
0.1608348326284228
0.18259559627508856
0.22110832070488734
0.10699192810409336
0.19262194909881145
0.22110832070488734
0.21003608970709212
0.22110832070488734
0.22110832070488734
0.22110832070488734
0.19783765952681553
0.22393028209944751
0.20660817749157329
0.1714172954343503
0.21686281159778495
0.19783765952681553
0.19656066517291604
0.20705555849210497
0.22110832070488734
0.22110832070488734
0.21686281159778495
0.22110832070488734
0.21199983199071426
