0.6666666666666667
0.9523809523809523
0.6666666666666667
0.9788359788359788
0.9841269841269842
0.9841269841269842
0.9894179894179894
0.9047619047619048
0.9682539682539683
0.6666666666666667
0.6666666666666667
0.9523809523809523
0.9894179894179894
0.6666666666666667
0.6666666666666667
0.6666666666666667
0.6666666666666667
0.6666666666666667
0.9841269841269842
0.9841269841269842
0.9894179894179894
0.5185185185185186
0.634920634920635
0.9841269841269842
0.9788359788359788
0.6666666666666667
0.6666666666666667
0.6666666666666667
0.634920634920635
0.6666666666666667
0.6666666666666667
