0.11337343822304488
0.17815826006478483
0.12910689495603886
0.11476168440536788
0.16260162601626016
0.18699186991869918
0.13142063859324388
0.1064322073114299
0.14227642276422764
0.1869504858861638
0.14715409532623785
0.10569105691056911
0.14900509023600186
0.14634146341463414
0.12910689495603886
0.14761684405367886
0.09254974548819991
0.13414634146341464
0.11152244331328089
0.1925034706154558
0.12355391022674687
0.14113836186950485
0.08536585365853659
0.09440074039796391
0.1897269782508098
0.10569105691056911
0.23415085608514577
0.16666666666666666
0.15687181860249885
0.17908375751966682
0.09717723276260991
