0.036648385619246396
0.03126441737249315
0.041078505343207915
0.08939501531516177
0.06491415598510024
0.02647543310710974
0.06257012601822187
0.056833256395602307
0.06736788500486296
0.04342654613987599
0.025463274111752386
0.017558579285363692
0.05716814290544078
0.04115509609071924
0.07652344188603416
0.0910951614528449
0.07759969188973156
0.04980197071513442
0.05479711498928966
0.06877568997635074
0.03886212186624942
0.03623847847176611
0.06331124845690841
0.03532661259847133
0.08084484903659889
0.06535016222247061
0.05432810043020389
0.0685682034776983
0.0519152435830485
0.038976365836537165
0.0730314065887825
