0.4234115807156231
0.38034818795873854
0.40723037635855835
0.5306978337599842
0.4929272862475114
0.3574409912445166
0.48441698594906973
0.47030654383964704
0.49551778878927893
0.4236796009576582
0.3835459904635336
0.36246188041373434
0.4653971643224146
0.43758112001024646
0.4945133797305444
0.4591229966883849
0.4510942183319311
0.4063122335632643
0.4666548780881595
0.4909404247452112
0.40158298689518196
0.4151483144587375
0.44765890223129734
0.40883645410523456
0.5214193577704627
0.4770876832814858
0.4443886448515664
0.5018419958425392
0.4509662697518584
0.393903294779493
0.48991533658339875
