0.09604699414865743
0.12393813038055036
0.08696165556976354
0.09347044991291102
0.11568929451339914
0.16101516458654044
0.11112336129557959
0.06062272985382717
0.12264694161454497
0.12895714877864484
0.11846717155375265
0.08876766181409844
0.10611489548617832
0.09063862808929303
0.07963638794625895
0.10955814476746085
0.06623315124108616
0.11090637666252318
0.08048228878969357
0.17153711580298991
0.07603464507209942
0.10717047102642645
0.06887910390567539
0.06427069143462753
0.12003916407275605
0.08901867915898393
0.2027590454538225
0.11712783623051093
0.09791760759351875
0.1533883445140522
0.0769687142712711
