0.9300862710138261
0.9300862710138261
0.9300862710138261
0.8806613947470397
0.984262672882985
0.43240022697599134
0.984262672882985
0.8761682242990654
0.8761682242990654
0.9300862710138261
0.9300862710138261
0.984262672882985
0.9532822631058463
0.9844985643315036
0.984262672882985
0.8761682227256592
0.8606555535776728
0.9878796750397068
0.8885244423614602
0.859375
0.8657777677929547
0.9350736880647172
0.8761682227256592
0.9300862710138261
0.8806613947470397
0.9844985643315036
0.9863070654063495
0.9350736880647172
0.8806613947470397
0.8885244423614602
0.9300862710138261
