0.03688636485570879
0.03688636485570879
0.03688636485570879
0.047303031522375465
0.031191271397764873
0.3381355969162758
0.031191271397764873
0.047303031522375465
0.047303031522375465
0.03688636485570879
0.03688636485570879
0.031191271397764873
0.02598293806443154
0.031191271397764873
0.031191271397764873
0.06169341081088112
0.0703125
0.015079511273154282
0.047303031522375465
0.0703125
0.0703125
0.04160793806443154
0.06169341081088112
0.03688636485570879
0.047303031522375465
0.031191271397764873
0.025496177939820952
0.04160793806443154
0.047303031522375465
0.047303031522375465
0.03688636485570879
