1.0522350510663574
1.0522350510663574
1.0522350510663574
1.2582913160774567
1.1105617117771822
1.4092006065712763
1.1105617117771822
1.0
1.0
1.0522350510663574
1.0522350510663574
1.1105617117771822
1.3086780178278339
1.4965577210103982
1.1105617117771822
1.254551445399835
1.2718741527318562
1.406041360298604
1.2530140917038406
1.0
1.2840681599778703
1.4884038761801546
1.254551445399835
1.0522350510663574
1.2582913160774567
1.4965577210103982
1.0985722462676708
1.4884038761801546
1.2582913160774514
1.2530140917038366
1.0522350510663574
