1.0511360598804484
1.0511360598804484
1.0511360598804484
1.0511360598804484
1.0
1.2702416433045853
1.1787718000344174
1.0511360598804484
1.296295133151984
1.2614801157483762
1.0511360598804484
1.2499005796805542
1.2421434540366472
1.2463889696017487
1.2421434540366498
1.0511360598804484
1.0
1.0
1.0511360598804484
1.4562508889398538
1.2463889696017487
1.2067103389135874
1.4350479857333582
1.0511360598804484
1.0511360598804484
1.4169499645478667
1.2499005796805542
1.0511360598804484
1.295415804387322
1.0511360598804484
1.0511360598804484
