0.8660254037844386
0.8531271017918668
0.8531271017918668
0.8531271017918668
0.8531271017918668
0.8531271017918668
0.7712147880220311
0.8531271017918668
0.8531271017918668
0.8660254037844386
0.7609521281126116
0.8531271017918668
0.8660254037844386
0.8531271017918668
0.8660254037844386
0.7241880678472032
0.8531271017918668
0.8660254037844386
0.8531271017918668
0.8531271017918668
0.8660254037844386
0.8531271017918668
0.8660254037844386
0.8660254037844386
0.7609521281126116
0.8531271017918668
0.8531271017918668
0.8531271017918668
0.8660254037844386
0.8660254037844386
0.8531271017918668
