0.022378856287149942
0.08842329788221155
0.08841544649332633
0.08820224098506119
0.08728845504783622
0.0884153997567813
0.07107867943294133
0.08860183031821067
0.021612634104930136
0.03666651413564545
0.07107593893644486
0.07090570878388677
0.07117438966298745
0.03865749115752073
0.07545997500188464
0.040190321015336136
0.035819009481168014
0.08841544649332633
0.03584195960478695
0.08841544649332633
0.022581860087990076
0.03797312955522684
0.07243306039248627
0.043713798953334375
0.07097352543153888
0.08841544649332633
0.021528522394865864
0.08841839084586009
0.035819009481168014
0.0883730009888894
0.0884153997567813
