0.8531271017918668
0.8531271017918668
0.8470832468191329
0.8200914748012226
0.8660254037844386
0.8531271017918668
0.8531271017918668
0.8660254037844386
0.7437903704252372
0.8660254037844386
0.8470832468191329
0.8531271017918668
0.8531271017918668
0.8660254037844386
0.7712147880220311
0.8660254037844386
0.8470832468191329
0.7712147880220311
0.8660254037844386
0.8470832468191329
0.8660254037844386
0.8200914748012226
0.7666909661254158
0.7588432633762338
0.8531271017918668
0.8660254037844386
0.6548917279436186
0.8660254037844386
0.8531271017918668
0.8200914748012226
0.8660254037844386
