0.031446540880503145
0.009433962264150943
0.031446540880503145
0.018867924528301886
0.015723270440251572
0.009433962264150943
0.009433962264150943
0.015723270440251572
0.018867924528301886
0.009433962264150943
0.009433962264150943
0.015723270440251572
0.022012578616352207
0.015723270440251572
0.022012578616352207
0.009433962264150943
0.03773584905660377
0.015723270440251572
0.009433962264150943
0.040880503144654086
0.009433962264150943
0.025157232704402514
0.028301886792452827
0.015723270440251572
0.11666666666666665
0.015723270440251572
0.028301886792452827
0.015723270440251572
0.009433962264150943
0.022012578616352207
0.03459119496855346
