1.5237424694005222
1.3658221976901226
1.4834268092355387
1.1664974288954435
1.3693180627005994
1.319705142495
1.3500494530809979
1.3901186074608318
1.1677219336558011
1.3500494530809979
1.3500494530809979
1.3693180627005994
1.3312241076681426
1.3693180627005994
1.3917647990146453
1.1977785933836065
1.3764819378895214
1.3693180627005994
1.3500494530809979
1.3795620864282852
1.3672075595240967
1.2837044024607516
1.1150593695184101
1.3693180627005994
1.1794354077230988
1.3693180627005994
1.170142389414784
1.3693180627005994
1.3500494530809979
1.5631900048691665
1.3497518132299664
