0.9867924528301887
0.9735849056603774
0.9823899371069182
0.9823899371069182
0.7666666666666666
0.9867924528301887
0.9867924528301887
0.9823899371069182
0.9647798742138365
0.9647798742138365
0.9867924528301887
0.89937106918239
0.9867924528301887
0.9113207547169812
0.7666666666666666
0.9867924528301887
0.9867924528301887
0.9433962264150944
0.9823899371069182
0.9691823899371069
0.9867924528301887
0.920125786163522
0.9867924528301887
0.9245283018867925
0.9823899371069182
0.9245283018867925
0.950314465408805
0.9823899371069182
0.9867924528301887
0.9823899371069182
0.7666666666666666
