0.5442166071600837
0.43929443303430626
0.5441166586001245
0.5441166586001245
0.548990968186072
0.5442166071600837
0.5442166071600837
0.5441166586001245
0.5437730099765814
0.5442620322560635
0.5442166071600837
0.5424141176921833
0.5442166071600837
0.4810385620322595
0.548990968186072
0.5442166071600837
0.5442166071600837
0.5542346416769278
0.5441166586001245
0.4378538845679218
0.5442166071600837
0.3724599214937345
0.5442166071600837
0.5490586014775476
0.5436275055492091
0.5531988173451454
0.49046363756534445
0.5441166586001245
0.5442166071600837
0.5441166586001245
0.548990968186072
