1.3904093230631942
1.4136141294949809
1.3976044643129601
1.3693180627005994
1.1738598759407728
1.3213384047285204
1.3507575483954506
1.3706532898748154
1.38867199376017
1.3471245688328792
1.2631712590856483
1.34760953140662
1.366960389826893
1.3022782922535656
1.1710343650261665
1.2875585059815327
1.363284099509973
1.1677219336558011
1.3806111180162013
1.48644520220342
1.286032609440494
1.574535234111196
1.2875585059815333
1.3024023567878107
1.3670376434442564
1.1736685906672524
1.4411656170332519
1.3693180627005994
1.3470607295006558
1.366732696546246
1.1710343650261665
