0.8531271017918668
0.8531271017918668
0.8660254037844386
0.7588432633762338
0.8531271017918668
0.8660254037844386
0.8531271017918668
0.8531271017918668
0.8531271017918668
0.8660254037844386
0.8531271017918668
0.8660254037844386
0.8660254037844386
0.8531271017918668
0.8660254037844386
0.8660254037844386
0.8660254037844386
0.8660254037844386
0.8531271017918668
0.8531271017918668
0.8470832468191329
0.8141345313608418
0.8531271017918668
0.8660254037844386
0.8660254037844386
0.5962440993914345
0.8470832468191329
0.8660254037844386
0.8531271017918668
0.7099520521081922
0.8531271017918668
