0.10089786574676488
0.09995301513098123
0.09995301513098123
0.10013367997056273
0.09977202314828165
0.013503379662574463
0.10013367997056273
0.013342822695518494
0.09995301513098123
0.10037089364019235
0.10025694695198557
0.09995301513098123
0.10013367997056273
0.022158573728572568
0.09896514478906442
0.09898550201800133
0.09995301513098123
0.10013367997056273
0.10013367997056273
0.010005943536928902
0.11688728046440161
0.09995301513098123
0.09995301513098123
0.08118035411027531
0.10503849020817539
0.02507045987180686
0.12036925948230737
0.09995301513098123
0.10005943536928896
0.10013367997056273
0.1007625444821444
