0.9827586206896551
0.9655172413793104
0.9655172413793104
0.9482758620689655
0.9655172413793104
0.9655172413793104
0.9482758620689655
0.9655172413793104
0.9655172413793104
0.9137931034482758
0.9482758620689655
0.9655172413793104
0.9482758620689655
1.0
1.0
0.9827586206896551
0.9655172413793104
0.9482758620689655
0.9482758620689655
1.0
0.9827586206896551
0.9655172413793104
0.9655172413793104
0.8620689655172413
0.7413793103448276
0.9655172413793104
0.9482758620689655
0.9655172413793104
0.9655172413793104
0.9482758620689655
0.9137931034482758
