0.008620689655172414
0.017241379310344827
0.017241379310344827
0.030172413793103446
0.017241379310344827
0.017241379310344827
0.030172413793103446
0.017241379310344827
0.017241379310344827
0.05603448275862069
0.030172413793103446
0.017241379310344827
0.030172413793103446
0.0
0.0
0.008620689655172414
0.017241379310344827
0.030172413793103446
0.030172413793103446
0.0
0.008620689655172414
0.017241379310344827
0.017241379310344827
0.09482758620689655
0.1853448275862069
0.017241379310344827
0.030172413793103446
0.017241379310344827
0.017241379310344827
0.030172413793103446
0.05603448275862069
