0.10620437107016385
0.11456159579588059
0.11082138280425834
0.10730834971527269
0.09371573465363993
0.09031148746796715
0.10450528346318136
0.11481949201556681
0.09664297480462007
0.11402243854107272
0.10403276219652541
0.11071011850124073
0.10196268775933798
0.08829471642723619
0.11077689049351531
0.10553276047249172
0.10771677362868698
0.10225244613974331
0.10576359304597173
0.10740804123787502
0.10562031319775297
0.1074184127777572
0.10576359304597173
0.09206927479753425
0.11220468342290953
0.09348016740442384
0.11457412155622222
0.10685154734222607
0.10772586151552067
0.10672458930407322
0.10610671108025933
