0.6423946429445813
0.8267610316341051
0.8267610316341051
0.6423946429445813
0.6915527094241021
0.6423946429445813
0.6915527094241021
0.8267610316341051
0.6915527094241021
0.8267610316341051
0.5040363664792219
0.8267610316341051
0.6913312311653035
0.639438418795025
0.8267610316341051
0.6915527094241021
0.6915527094241021
0.6913312311653035
0.6915527094241021
0.6915527094241021
0.6915527094241021
0.6915527094241021
0.6915527094241021
0.6339060766935276
0.6915527094241021
0.6915527094241021
0.6915527094241021
0.6915527094241021
0.6915527094241021
0.6915527094241021
0.6915527094241021
