1.1450001867588775
1.0819140633794382
1.0819140633794229
1.1450001867588775
1.122232660274523
1.1450001867588775
1.1222326602745125
1.0819140633794395
1.1866594459218047
1.0819140633794357
1.2908113128866336
1.0819140633794229
1.1359321801952416
1.1478326141138877
1.0819140633794229
1.1934098866144833
1.1866594459218047
1.1359321801952416
1.1222326602745112
1.1866594459218047
1.1866594459218047
1.1222326602745094
1.1222326602745112
1.242351535184849
1.1866594459218047
1.1222326602745232
1.100517215308952
1.1934098866144833
1.122232660274509
1.1934098866144833
1.1866594459218047
