0.9965367965367965
0.9965367965367965
0.9965367965367965
0.9956709956709957
0.9965367965367965
0.9904761904761905
0.9965367965367965
0.9904761904761905
0.9948051948051948
0.9956709956709957
0.8874458874458874
0.9965367965367965
0.9965367965367965
0.9956709956709957
0.9965367965367965
0.9896103896103896
0.9965367965367965
0.9965367965367965
0.9965367965367965
0.9948051948051948
0.9965367965367965
0.8874458874458874
0.9965367965367965
0.9904761904761905
0.9272727272727272
0.9965367965367965
0.9904761904761905
0.883982683982684
0.9956709956709957
0.9965367965367965
0.9965367965367965
