1.1804490988010972
1.1804490988011145
1.1804490988010972
1.1813627404610325
1.2655247171976374
1.1885490891869093
1.1804490988010972
1.2459422926294754
1.2862317327459274
1.1813627404610325
1.4688156863641284
1.315100734227765
1.2655247171976374
1.1813627404610325
1.2655247171976374
1.44332825180173
1.1804490988011145
1.1804490988010972
1.315100734227765
1.1823592030454084
1.1804490988010972
1.4688156863641284
1.1804490988010972
1.289032567450082
1.1691888451719565
1.1804490988011145
1.1885490891869286
1.4223987812137326
1.3160801620438916
1.1804490988011145
1.1804490988010972
