0.0878537344077916
0.0550642968196843
0.0779015651390194
0.027719263655801428
0.08081186825477606
0.07450800212128922
0.057123434204756664
0.060125880777812786
0.060125880777812786
0.07286408493660944
0.08102171406542068
0.08062801064220926
0.059426733831640606
0.06063098315922511
0.042470793814575566
0.08273079272854805
0.07056316785543225
0.0647080098576725
0.06890682627066086
0.06009838395650742
0.05625017751606217
0.0884153997567813
0.07056316785543225
0.03535533932274518
0.0681846496063328
0.0594183719116704
0.08102171406542068
0.08625636638953674
0.06646906416401174
0.08222674396699503
0.05415784818001576
