0.5760957397131915
0.5760957397131915
0.5746234301171995
0.4959322532385749
0.5746234301171995
0.49267195912333217
0.5760957397131915
0.49267195912333217
0.49267195912333217
0.5760957397131915
0.5732915146937215
0.5685143932789002
0.4942211902845293
0.4959322532385749
0.48155747291574186
0.7747723131254867
0.5760957397131915
0.5760957397131915
0.5760957397131915
0.4942211902845293
0.5760957397131915
0.5760957397131915
0.5760957397131915
0.5760957397131915
0.5760957397131915
0.4868847143483347
0.5732915146937215
0.48740165166956906
0.5760957397131915
0.5760957397131915
0.5760957397131915
