0.010788254964799328
0.07013675282394176
0.07602565445608585
0.09782053018811998
0.08803062042297309
0.08004455620606798
0.0792852134336096
0.10037089364019235
0.0800742829949529
0.029734857046439734
0.046921545760211715
0.09131130847629715
0.00517241379310345
0.05630856053842667
0.10037089364019235
0.09693750538698388
0.09177735699579237
0.1137424553297458
0.10013367997056273
0.09302207210590606
0.10037089364019235
0.07316760468075324
0.10007071223557018
0.0979384407137599
0.10037089364019235
0.10053365335940163
0.10005943536928896
0.09781698726026787
0.08504353001765894
0.10005943536928896
0.06530304465144236
