0.5000743107680405
0.5549046268679141
0.549859457643141
0.549859457643141
0.7784038873177664
0.5549046268679141
0.4958957592506778
0.8606885499550817
0.7784038873177664
0.5549046268679141
0.5000743107680405
0.5514115503257232
0.4940189235136001
0.49069825761233477
0.8606885499550817
0.7733753301778358
0.4940189235136001
0.73539889967067
0.8625860518171717
0.7784038873177664
0.8606885499550817
0.4958957592506778
0.4958957592506778
0.5514115503257232
0.8606885499550817
0.8598678796834407
0.8636623206107849
0.4639973604861449
0.464317580647807
0.8636623206107849
0.4940189235136001
