0.12000000000000002
0.020689655172413793
0.06206896551724138
0.12000000000000002
0.03103448275862069
0.1280769046596533
0.03103448275862069
0.03103448275862069
0.12000000000000002
0.020689655172413793
0.20630206662150216
0.138415788414775
0.041379310344827586
0.07241379310344828
0.06206896551724138
0.1280769046596533
0.05172413793103449
0.1329769147627595
0.1329769147627595
0.0
0.020689655172413793
0.1329769147627595
0.06206896551724138
0.12000000000000002
0.1329769147627595
0.020689655172413793
0.041379310344827586
0.020689655172413793
0.0
0.06206896551724138
0.12000000000000002
