0.6364779874213836
0.7666666666666666
0.8779874213836478
0.679874213836478
0.9867924528301887
0.679874213836478
0.7666666666666666
0.9867924528301887
0.9867924528301887
0.9779874213836478
0.7232704402515723
0.7088050314465408
0.679874213836478
0.6654088050314465
0.8113207547169812
0.679874213836478
0.8779874213836478
0.9867924528301887
0.7232704402515723
0.8471698113207548
0.679874213836478
0.9779874213836478
0.8679245283018868
0.930188679245283
0.920125786163522
0.679874213836478
0.7666666666666666
0.679874213836478
0.9433962264150944
0.7666666666666666
0.9433962264150944
