0.5404952545339623
0.548990968186072
0.483701616889727
0.5423582261179091
0.5442166071600837
0.483701616889727
0.548990968186072
0.5442166071600837
0.5442166071600837
0.5440712213667407
0.380078914076417
0.48405046118176936
0.5423582261179091
0.4828831600243033
0.6706611833329982
0.5423582261179091
0.483701616889727
0.5442166071600837
0.5451951636155757
0.37342550666322066
0.42783329380728924
0.3901572832552002
0.5507264376221863
0.3791425624043238
0.38054924336220336
0.37599821799239824
0.548990968186072
0.5423582261179091
0.5542346416769278
0.548990968186072
0.5542346416769278
