0.15851234261813296
0.11666666666666665
0.05974842767295598
0.14099797436347955
0.009433962264150943
0.14099797436347955
0.11666666666666665
0.009433962264150943
0.009433962264150943
0.022012578616352207
0.12722855304613698
0.13135590286421892
0.14099797436347955
0.14646072023458906
0.08490566037735851
0.14099797436347955
0.05974842767295598
0.009433962264150943
0.12722855304613698
0.10611742970308681
0.14099797436347955
0.022012578616352207
0.05660377358490567
0.03773584905660377
0.03459119496855346
0.14099797436347955
0.11666666666666665
0.14099797436347955
0.018867924528301886
0.11666666666666665
0.018867924528301886
