0.020689655172413793
0.0
0.12000000000000002
0.1280769046596533
0.07241379310344828
0.0
0.020689655172413793
0.020689655172413793
0.020689655172413793
0.020689655172413793
0.1280769046596533
0.14435659406696902
0.041379310344827586
0.1329769147627595
0.0
0.20630206662150216
0.07241379310344828
0.12000000000000002
0.05172413793103449
0.020689655172413793
0.12000000000000002
0.18010587431214703
0.041379310344827586
0.05172413793103449
0.12000000000000002
0.15757539064518594
0.12000000000000002
0.04137931034482759
0.15075767016449385
0.138415788414775
0.15075767016449385
