1.3518526276472078
1.310189639826652
1.213396468353955
1.2869797515339185
1.0
1.36705340312417
1.4555798591217397
1.3518526276472078
1.5349679866924637
1.3580992178369016
1.300303056444703
1.1039641810507899
1.2144122908853934
1.2419500870997586
1.610759493667986
1.0
1.14450632120586
1.2708232874567607
1.0997992968211308
1.343846741194961
1.2129231712328647
1.1954977207141098
1.2144122908853934
1.5134550115071181
1.1251883612523284
1.2007475518100617
1.2713537218718252
1.2922902454233103
1.0954598152820847
1.2128391753397225
1.2158526058667778
