0.15409532623785285
0.21138211382113822
0.2032520325203252
0.16705229060620083
0.12540490513651087
0.14634146341463414
0.17886178861788618
0.15872281351226283
0.16149930587690883
0.10596945858398889
0.13234613604812587
0.13975011568718185
0.13821138211382114
0.21749190189726977
0.0962517353077279
0.11382113821138211
0.16057380842202684
0.16260162601626016
0.0999537251272559
0.15316982878297083
0.12818139750115687
0.1031929662193429
0.12771864877371586
0.13008130081300814
0.13280888477556688
0.16890328551596484
0.13280888477556688
0.16011105969458583
0.12195121951219512
0.13836186950485888
0.11788617886178862
