0.054607639665528444
0.027109141623663922
0.028687062454005277
0.02719933271824816
0.03954042197678818
0.055702415403183936
0.049702997754090116
0.06483394852477999
0.028529576590121692
0.031015847283223395
0.1415275184135588
0.07656764706287034
0.21089687049454503
0.051373295315000886
0.15167949763361305
0.10922960584086495
0.03419572481632204
0.03286600281678418
0.04614921770314804
0.02268376627255024
0.04172799269941671
0.045427818923405486
0.02116743822749711
0.042657233643080036
0.033164518302417983
0.0424961791791402
0.036991163641796256
0.029581509382598514
0.054265539716585466
0.034243975948955195
0.020857792610640816
