0.12728821103335428
0.14557428294652883
0.17465734091604201
0.10686438568444777
0.09480410158353812
0.08522722180300928
0.16073152083162714
0.09920683610717564
0.14139595246845263
0.06593358734739203
0.08642627764905704
0.10943154084130113
0.11142513621877144
0.1958577277898884
0.07645217453729859
0.09004423368804058
0.11080207561187135
0.1444853373741943
0.07058439000436618
0.09248082681872775
0.07903542559614367
0.07102831425200984
0.10905671411356975
0.10177896602176989
0.07802597803953032
0.11636064171853122
0.08430432437293454
0.1067638218895834
0.10370676349136593
0.10400662739668542
0.0891880914681199
