0.15634719294719596
0.13886288256521015
0.14287514479989794
0.14154406512190418
0.13989235062548666
0.15634719294719596
0.13989235062548666
0.16253100808646945
0.15634719294719596
0.12968281435397744
0.12170937330587538
0.14154406512190418
0.13322107276565856
0.12314013820926151
0.15634719294719596
0.156410241291736
0.15634719294719596
0.13989235062548666
0.13631522854826605
0.12991446545973592
0.12170937330587538
0.13620428641313967
0.15634719294719596
0.15716484862269756
0.13989235062548666
0.16312673636452357
0.1291828582367973
0.15634719294719596
0.1502493108977853
0.15634719294719596
0.15634719294719596
