0.6666666666666667
0.9788359788359788
0.9682539682539683
0.9947089947089947
0.9841269841269842
0.6666666666666667
0.9841269841269842
0.9523809523809523
0.6666666666666667
0.9788359788359788
0.9735449735449735
0.9947089947089947
0.9682539682539683
0.5502645502645503
0.6666666666666667
0.9841269841269842
0.6666666666666667
0.9841269841269842
0.9682539682539683
0.6666666666666667
0.9735449735449735
0.9894179894179894
0.6666666666666667
0.9841269841269842
0.9841269841269842
0.8412698412698413
0.9841269841269842
0.6666666666666667
0.9682539682539683
0.6666666666666667
0.6666666666666667
