0.08469853639149766
0.08602775747607244
0.08541231860065594
0.08863300383475492
0.08005639286758083
0.08042341936832421
0.09022007115157182
0.09037168030167426
0.07532852634176698
0.08750183297586409
0.08112280944822185
0.08826639074100084
0.08619482572224156
0.08847684022516908
0.07302599165366887
0.0901541507562116
0.08707904013048827
0.08609468147971112
0.08609145959126717
0.09036246908270709
0.07705107636986704
0.08937127163004455
0.08019818289639882
0.09027831788158076
0.08610434925668821
0.09015287559120325
0.08614758207726092
0.08199563908239726
0.10023542635274087
0.08947356415306652
0.08347031218721723
