0.5441166586001245
0.548990968186072
0.548990968186072
0.5440712213667407
0.3879714211017584
0.5424734564281056
0.5442166071600837
0.5442166071600837
0.5451951636155757
0.5440712213667407
0.3901572832552002
0.5442166071600837
0.5442166071600837
0.5442166071600837
0.43670130735256046
0.5442166071600837
0.5441166586001245
0.5442166071600837
0.5441166586001245
0.5442166071600837
0.3831149862675507
0.5409176943400066
0.3879714211017584
0.5442166071600837
0.5442166071600837
0.5442166071600837
0.5409176943400066
0.3879714211017584
0.5542346416769278
0.5441166586001245
0.5442166071600837
