1.291018498143109
1.1710343650261665
1.1710343650261665
1.388317479236783
1.4529120172027563
1.2845619369963361
1.3672075595240962
1.3673361965578839
1.1669160718461173
1.3312241076681426
1.5157890344421863
1.3500494530809979
1.2631712590856417
1.3500494530809979
1.393747537465861
1.3673361965578834
1.3693180627005994
1.263171259085642
1.3693180627005994
1.3673361965578839
1.5127924731053777
1.3652630774367485
1.4529120172027554
1.3672075595240962
1.2631712590856417
1.365910826938549
1.342621420973227
1.500875500473935
1.1638641424481886
1.3974409509830268
1.299354160378369
