0.10670342223256836
0.20760107942549466
0.31535661690084055
0.2570134259894064
0.14833083100781772
0.18894774916361695
0.1784089014189444
0.23735284044962482
0.16644450888364856
0.15584925166067037
0.325142371945544
0.19806464018766498
0.35204368491050775
0.14432195735743797
0.17640887691678458
0.07895069036050327
0.13630139343905007
0.18450380438223524
0.11683006359330791
0.17606912521893525
0.19309073317905748
0.13022649195286243
0.13003574749350616
0.1741241458031844
0.19440479467394534
0.1837541272061627
0.24804838287894956
0.10456583864619662
0.5770048929734827
0.15229806388086523
0.16127441762613878
