0.5525219805645535
0.5071613187210078
0.7644496111782033
0.41058227333777275
0.618920779675173
0.4564677599575626
0.6557676173707596
0.44583770687313534
0.6147297058347724
0.549243236532319
0.6569508244827936
0.6090563311926501
0.6240956648344828
0.6688543771138775
0.601936396504178
0.5985071650809057
0.6276923134802843
0.5988683348193963
0.7319970053009184
0.7389720958755168
0.6422613740251238
0.5979371940873505
0.6693980128140015
0.6094739337027799
0.7792575704563154
0.6693472233195261
0.6300436789652487
0.7894944752316566
0.4432756590407181
0.5977359172018375
0.7400443185366606
