0.2521480585775701
0.29667722796954316
0.10765903216327788
0.3734028321093989
0.2051385488373081
0.3322896287071303
0.18861577537435073
0.34312461238789393
0.20838753318134162
0.26416059916152085
0.1810601630781369
0.20472451866937083
0.19632041858131244
0.1679947813501156
0.2227948834222486
0.2187963044372084
0.19606118030358743
0.21916703872327722
0.1255243305180194
0.12125055359343904
0.18099317653865202
0.2128120943811089
0.1704966799756673
0.2127344160766319
0.10783856746772565
0.16372882660551316
0.19846581027497154
0.10272227454704486
0.3580500071087531
0.24109711721936514
0.13181178662966467
