1.3425329805840913
1.2190203349620108
1.3314885538443617
1.0915741587478902
1.351494308754975
1.6261468595488242
1.3296970607184564
1.3652770974012975
1.2932792350651483
1.3306302038953315
1.2861767993748583
1.3595325726853542
1.6042231070041586
1.0
1.3600582422334728
1.4307839734945402
1.64287147323643
1.3706580079108774
1.2034534702474515
1.3579496816313399
1.350292543405035
1.4175749179310233
1.1618165850629274
1.3054121419630744
1.5124334845981724
1.202736201220331
1.3521786353718357
1.314688167151546
1.2861767993748583
1.29047660572467
1.3833352444638911
