0.001278961370609886
0.0011048543456081666
0.001278961370609886
3.8850711219559295E-9
0.001278961370609886
0.001278961370609886
0.013326956130226424
0.014298983972227473
0.001278961370609886
0.015925855727943618
0.014298983972227473
0.015925855727943618
0.001278961370609886
3.8360633577030036E-9
3.841539539431628E-9
0.010451746115962852
0.013146325556941589
2.7586146438349237E-9
3.616029325768784E-9
3.041326806391369E-9
0.014441265924107147
0.014245527850233142
3.610211093013111E-9
3.24206526982722E-9
3.847007925871934E-9
0.014298983972227473
2.692280962627311E-9
2.6017447567127134E-9
0.001278961370609886
0.0028070169339715666
7.160274523447803E-4
