0.984262672882985
0.986621587333021
0.984262672882985
0.9300862710138261
0.984262672882985
0.984262672882985
0.9348377966161986
0.9447452367539836
0.984262672882985
0.9350736880647172
0.9447452367539836
0.9350736880647172
0.984262672882985
0.9300862710138261
0.9300862710138261
0.9627965494379732
0.9088785027232125
0.9300862710138261
0.9300862710138261
0.9878796750397068
0.9447452367539836
0.9323890171181826
0.9300862710138261
0.9300862710138261
0.9300862710138261
0.9447452367539836
0.9532822631058463
0.9300862710138261
0.984262672882985
0.8806613947470397
0.984262672882985
