0.020221817061679633
0.028673251724431737
0.017753133884009044
3.816284041021402E-9
5.501967206619985E-9
0.022522561162855094
5.455924830701272E-9
0.0015625000000059211
0.040069924631408994
3.7135448361900355E-9
0.005614033867940436
0.027713621021946272
0.022769271930303443
0.0017951758270499745
0.04280962606564944
0.006843575684935705
0.0017951758270499745
0.011228067735876817
3.847007930757579E-9
0.013508846549780488
4.729416537607685E-9
3.667978143440106E-9
3.667978143440106E-9
5.471315340307336E-9
4.9551655995388115E-9
3.6908318107946887E-9
0.007247686558524504
5.089113132699079E-9
0.022865569651467337
0.020146218688963383
0.007491200444908858
