0.035912844606487616
0.08072916666666667
0.047303031522375465
0.02598293806443154
0.047303031522375465
0.04160793806443154
0.03688636485570879
0.020287844606487616
0.09635416666666667
0.03688636485570879
0.047303031522375465
0.04160793806443154
0.050303223894993275
0.031191271397764873
0.0703125
0.047303031522375465
0.031191271397764873
0.047303031522375465
0.03688636485570879
0.06169341081088112
0.03688636485570879
0.05738400527634364
0.05738400527634364
0.03688636485570879
0.025496177939820952
0.03688636485570879
0.047303031522375465
0.03688636485570879
0.04160793806443154
0.050303223894993275
0.047303031522375465
