0.021225342648844063
0.001115848191965039
3.255007697568421E-9
3.041326806391369E-9
0.01932865802829614
0.02266978669642472
0.018347182643368636
0.009857919498230876
0.013864558537478493
3.248542929149123E-9
2.6338662786674973E-9
0.014196316458066034
0.020504137148369163
0.011718029136462858
3.8904783216669935E-9
0.01752473208703011
0.011507209314028212
2.9572185188472807E-9
0.015397714666712413
2.5936522184705443E-9
0.012844762923125535
3.5098257803103725E-9
0.010510179989409101
0.001746928107426041
0.023777364016019983
3.650744003220351E-9
0.0011048543456081666
2.681327146420459E-9
0.014407702927948489
3.6218382119477345E-9
2.7586146438349217E-9
