0.8885244423614602
0.984262672882985
0.9300862710138261
0.9878796750397068
0.9429367356791377
0.8885244423614602
0.9335123097301762
0.8806613947470397
0.9447452367539836
0.9300862710138261
0.9300862710138261
0.9447452367539836
0.8761682227256592
0.9323890171181826
0.8761682242990654
0.8847501798546964
0.9447452367539836
0.9863070654063495
0.9350736880647172
0.8626887474361724
0.9350736880647172
0.9300862710138261
0.9323890171181826
0.9303446261682242
0.6841526119444201
0.9300862710138261
0.986621587333021
0.9300862710138261
0.9323890171181826
0.9300862710138261
0.9300862710138261
