1.2583674710575248
1.1129010233196819
1.0527762628061494
1.4192052883355117
1.4990334720527678
1.2583674710575246
1.2725331670224773
1.2609674940402409
1.2761843849525423
1.0527762628061494
1.0527762628061494
1.2761843849525423
1.2599373527343933
1.2723034340918378
1.0
1.447007625305142
1.2761843849525423
1.1006578796190125
1.5042380105999975
1.0
1.5042380105999975
1.0527762628061494
1.272303434091839
1.0679495308728097
1.5674624948830613
1.0527762628061494
1.4220874099998044
1.0527762628061494
1.272303434091837
1.0527762628061494
1.0527762628061494
