0.02331124324624973
0.07126912595673633
0.0884153997567813
0.08842105469938391
0.08860183031821067
0.03584195960478695
0.03627675373841431
0.035819009481168014
0.08820205358683872
0.035819009481168014
0.035819009481168014
0.08841558670281321
0.0236173221831952
0.0884153997567813
0.08841558670281321
0.035819009481168014
0.035819009481168014
0.035819009481168014
0.021403970911415767
0.03627675373841431
0.08841558670281321
0.08850545393957165
0.035819009481168014
0.035819009481168014
0.035819009481168014
0.0884153997567813
0.03627675373841431
0.07062286502695231
0.08842455964754467
0.0884153997567813
0.08851362413799004
