0.48333474503086704
0.4942211902845293
0.5760957397131915
0.5677506906823053
0.883153230911587
0.5746234301171995
0.5760957397131915
0.5760957397131915
0.4959322532385749
0.5760957397131915
0.5760957397131915
0.5732915146937215
0.4959322532385749
0.5760957397131915
0.5732915146937215
0.5760957397131915
0.5760957397131915
0.5760957397131915
0.48486986668704113
0.5760957397131915
0.5732915146937215
0.5466777293304941
0.5760957397131915
0.5760957397131915
0.5760957397131915
0.5760957397131915
0.5760957397131915
0.47975511177482755
0.5685143932789002
0.5760957397131915
0.5503690820920125
