1.4716324185380747
1.3160801620438916
1.1804490988010972
1.1948596206911657
1.0
1.1813627404610325
1.1804490988011143
1.1804490988011145
1.2655247171976374
1.1804490988011145
1.1804490988011145
1.1823592030454084
1.3151007342277652
1.1804490988010972
1.1823592030454084
1.1804490988011145
1.1804490988011145
1.1804490988011145
1.4688156863641284
1.1804490988011143
1.1823592030454084
1.4271294353958677
1.1804490988011145
1.1804490988011145
1.1804490988011145
1.1804490988010972
1.1804490988011143
1.3303844131101974
1.2003003619933763
1.1804490988010972
1.4265886087292885
