0.03608426841679775
0.05584287717863117
0.01773845634848783
0.05593378037392804
0.024936392559187
0.07335772329005384
0.009128248649652448
0.05659582110719635
0.03759823231089107
0.07339602155000113
0.025307515482223066
0.0731290346895189
0.00776172702689493
0.05764211671973747
0.025332023644552063
0.056654968457066385
0.05139928885529457
0.03677982981140054
0.05578423565309141
0.05665313199115606
0.024963530030899607
0.024855238029005577
0.056642336816666174
0.025856987513289815
0.07347072125861966
0.05744227994368965
0.05653713180776295
0.03879021078451712
0.061392737639296174
0.040040805505737895
0.039341129212799114
