0.015873015873015872
0.06349206349206349
0.047619047619047616
0.015873015873015872
0.031746031746031744
0.047619047619047616
0.031746031746031744
0.047619047619047616
0.015873015873015872
0.015873015873015872
0.015873015873015872
0.015873015873015872
0.047619047619047616
0.07936507936507936
0.015873015873015872
0.047619047619047616
0.031746031746031744
0.031746031746031744
0.06349206349206349
0.047619047619047616
0.015873015873015872
0.015873015873015872
0.2857142857142857
0.015873015873015872
0.031746031746031744
0.015873015873015872
0.047619047619047616
0.06349206349206349
0.047619047619047616
0.015873015873015872
0.3333333333333333
