1.1222326602745087
1.2297614640511392
1.0819140633794229
1.1866594459218047
1.1450001867588777
1.08191406337944
1.1450001867588777
1.08191406337944
1.1222326602745278
1.1222326602745087
1.1222326602745087
1.1222326602745087
1.0819140633794229
1.2878627558255105
1.1222326602745087
1.0819140633794229
1.2286014957865705
1.2506884556298121
1.2704940533710325
1.08191406337944
1.2029076587255043
1.1934098866144833
1.1434801463299527
1.1866594459218047
1.1450001867588777
1.1222326602745087
1.08191406337944
1.1462477968775628
1.0819140633794229
1.1866594459218047
1.24194867001436
