0.17479674796747968
0.07723577235772358
0.16890328551596484
0.09578898658028691
0.16242480333179085
0.1951219512195122
0.15447154471544716
0.12447940768162888
0.11152244331328089
0.11013419713095789
0.12864414622859788
0.12124016658954188
0.25203252032520324
0.21544715447154472
0.16196205460434984
0.14993058769088385
0.10569105691056911
0.1991869918699187
0.14227642276422764
0.1772327626099028
0.13697362332253588
0.12195121951219512
0.1078204534937529
0.17075428042572882
0.14993058769088385
0.1078204534937529
0.11568718186024989
0.1022674687644609
0.09301249421564091
0.14437760296159186
0.1920407218880148
