0.03673639056927581
0.05310614440229991
0.04200921704754678
0.027246363359177173
0.051052453559698695
0.033766968514377105
0.0486027472823031
0.05193788233202026
0.021484770484576886
0.03159311116209594
0.021358185667092067
0.0361637794465495
0.03188279167982916
0.04769269387719158
0.03127411445085923
0.03739008670806326
0.03497816896141054
0.04697429336208181
0.025416227055377782
0.058919408589163016
0.03530985456394558
0.042777598526658175
0.041768880197198585
0.0366967246300478
0.022784672968759162
0.03478153193940508
0.04218998729314483
0.04830342560951711
0.04230489039813994
0.04420681102451467
0.03959962551031714
