0.7507402098546668
0.8552969680552891
0.7162296889049409
0.8454005410021708
0.7886818433200528
0.6868094039570659
0.7179753426409784
0.8185761635496965
0.8343020959131386
0.8030496269793795
0.7721771387079905
0.8251769167390887
0.6666290448189073
0.6810833587280806
0.814321132568105
0.810679337704992
0.8119547183440368
0.6874169967983806
0.7723878210554433
0.79601057926359
0.8349604782489288
0.7821582149185675
0.808764385654037
0.7989074615410661
0.8089487327080582
0.8522853391421467
0.8681053261249873
0.8247461465822432
0.8701180949801168
0.8312754182608925
0.8046748908025869
