0.44144218242221034
0.4971703359692588
0.4208876353684901
0.42914077951412
0.4741344551336299
0.4227643352925115
0.45117966679613325
0.4900486387128678
0.4027758638614138
0.42678082202945644
0.4043185849825697
0.407490275496547
0.4239629174814242
0.49457215420730183
0.3761074675066347
0.4015513092884205
0.4474792633748375
0.43936742095966935
0.42541242921035655
0.5298383860453483
0.4489128671474409
0.48213563106783003
0.47748068624662254
0.4479757332296066
0.368049691827891
0.44623000492013265
0.4412287496607628
0.4498073162807262
0.3672670942765143
0.4801155618470488
0.4529793333180578
