0.025157232704402514
0.03459119496855346
0.015723270440251572
0.009433962264150943
0.015723270440251572
0.009433962264150943
0.009433962264150943
0.025157232704402514
0.009433962264150943
0.018867924528301886
0.05031446540880503
0.03459119496855346
0.009433962264150943
0.03459119496855346
0.009433962264150943
0.009433962264150943
0.009433962264150943
0.028301886792452827
0.05031446540880503
0.009433962264150943
0.04716981132075473
0.009433962264150943
0.03459119496855346
0.009433962264150943
0.009433962264150943
0.11666666666666665
0.009433962264150943
0.009433962264150943
0.009433962264150943
0.009433962264150943
0.022012578616352207
