0.020539997220874424
0.025057467108390262
0.04843077034149815
0.04902025613447771
0.05603645003660975
0.043003464327043425
0.03183476766405044
0.019074462561777156
0.048003906326973836
0.029417166148317023
0.046527872373101554
0.06009676811133831
0.037896594430661755
0.07243312364745448
0.05099577231972967
0.01005338993736818
0.03879429601179461
0.016138214696006556
0.049999215683366544
0.03533713993175048
0.038321749649176604
0.03711272321809631
0.01990620963372534
0.03207359234474995
0.0890536574978443
0.03388584857357166
0.026713245282638985
0.03350162063400844
0.027461869223953154
0.0177881816111095
0.06359727392060953
