0.7791954944075123
0.7692238236588751
0.8277220347400142
0.8148892224692724
0.827938360364631
0.8101601562059119
0.8226073445371196
0.7969718174738434
0.8240087583661584
0.7952769532322811
0.8236363020733402
0.7526495186284579
0.8203142929161823
0.835865283687543
0.7390623883101395
0.8280944910328326
0.8191329668965361
0.7767782906889689
0.8746289545264726
0.8004048110818914
0.7397113651839897
0.8465592939131613
0.7513064186634463
0.8362245723336457
0.742264007554467
0.7457966990590776
0.7600629037294537
0.6266351395582442
0.7817725909790334
0.765657272491281
0.7763644503636151
