0.38041031564608013
0.3797228284162912
0.4783683390659164
0.5015606788608012
0.4936254423455733
0.4193976509379942
0.44680713879327943
0.3809851742789682
0.4451381229413205
0.3916595017562354
0.49572646213059296
0.520474811101742
0.45228318978392973
0.5758045284691774
0.510871620981261
0.36386695341090375
0.44668425177944
0.37738384049610124
0.4613103621961922
0.42752901332322435
0.46053252753214385
0.453032086663949
0.4034059778373311
0.44753870160472875
0.46901996935950235
0.4522202722929824
0.37895625165115815
0.4226087545883456
0.4150683327466052
0.3937711942568143
0.4938745243999921
