0.1069514367538452
0.11103714322208262
0.07636153349659626
0.08603060088673242
0.08232116287254197
0.08253443726642866
0.07782288214615413
0.09520190443471493
0.08608584179054879
0.12113993650736755
0.07826584836448895
0.11294277339199699
0.10054043482686019
0.06945276435031031
0.12061449579753704
0.07368423033066712
0.08044522451121847
0.10459288118754011
0.0530030030083689
0.09756028475252358
0.12541580657784257
0.08305800201306766
0.11484961537739315
0.07117770238843146
0.12040570387207605
0.1169019056565677
0.11340759512306796
0.1990095992920993
0.09878328722160595
0.10816874176201313
0.10485993953264024
