0.024936392559187
0.05581114309153037
0.006668607647929884
0.057844199593352866
0.0395635674945144
0.058306495668486696
0.03708335742516176
0.058928786683680456
0.036669154257257544
0.009065540573052507
0.040709477650519875
0.03880352366912168
0.0567071004700465
0.055985269480879334
0.07371999557792641
0.025341345194527777
0.025306194009013735
0.036411168608510035
0.05811656450666258
0.008647253918613054
0.05754451242978248
0.05581114309153037
0.07307779238980389
0.006866576739466685
0.0557848351441568
0.015807739797966264
0.03972378084796055
0.07964451245409881
0.0644046566835945
0.03815514439207171
0.0730869622762796
