0.47267938034258333
0.3932356779721319
0.3884440209446015
0.37863155769718276
0.3920756711926731
0.37900822027800046
0.3868334223854562
0.4668067643273158
0.3867721309863586
0.37573822904991927
0.3872809034698071
0.3896895353309709
0.3932356779721319
0.3932356779721319
0.47267938034258333
0.3932356779721319
0.39359836506812934
0.38512385854513054
0.47267938034258333
0.35396151967072637
0.39359836506812934
0.3932356779721319
0.47267938034258333
0.39359836506812934
0.3932356779721319
0.39042430614511775
0.390251789452238
0.37344186699636067
0.47267938034258333
0.3734418669963607
0.3867721309863586
