1.220241217686388
1.421381569013262
1.3944276172962426
1.6063708598874573
1.5173046831825359
1.5229035827541748
1.5596642646922785
1.3883836823338682
1.4533025249981373
1.5726042011103596
1.369571473819098
1.4051527292851314
1.421381569013262
1.4093407242601357
1.2881851415523793
1.4311954108368568
1.3957876652573669
1.5288839611950884
1.2791493798866278
1.6245430525973992
1.4209447831338
1.421381569013262
1.2805834727972494
1.4404089433486873
1.3668850488127213
1.4555456398883244
1.4288895208480157
1.6725741910427894
1.2791493798866278
1.6667350627888728
1.5026511436568972
