0.06542056074766354
0.06542056074766354
0.06542056074766354
0.06542056074766354
0.09375
0.09375
0.09375
0.09375
0.5327102803738317
0.384615421295166
0.09375
0.384615421295166
0.06542056074766354
0.06542056074766354
0.4615384707084069
0.3125
0.2523364485981308
0.06542056074766354
0.06542056074766354
0.06542056074766354
0.09375
0.06542056074766354
0.384615421295166
0.06542056074766354
0.06542056074766354
0.06542056074766354
0.06542056074766354
0.140625
0.06542056074766354
0.06542056074766354
0.06542056074766354
