7.737608358282602E-9
7.737608358282602E-9
5.251745471820525E-9
5.251745471820525E-9
0.034415703189888736
0.01350375917338136
0.043703774384512714
0.008058487475588804
0.041987183902757
0.05506088049496009
0.034144132599580566
0.03394832984518147
0.005107536062163959
7.65017494882355E-9
0.06980094202143623
0.049828693741546054
0.040323561618195086
0.006482527929791721
0.013838244351276268
8.838834764999284E-4
0.011625498709530589
0.008088726824675289
0.04540552907187347
0.008088726824675289
0.034382969930471206
0.042679981985628626
8.838834764995481E-4
0.08342902376144115
0.03379388750490314
7.737608358282602E-9
7.737608358282602E-9
