0.9300862710138261
0.9300862710138261
0.9300862710138261
0.9300862710138261
0.8772915153376528
0.9323890171181826
0.8761682227256592
0.9323890171181826
0.3611385700524545
0.5380571213913085
0.8772915153376528
0.563533395598425
0.9627965494379732
0.9300862710138261
0.4129785049899523
0.7021589712604698
0.6742676369588766
0.8806613947470397
0.8885244423614602
0.984262672882985
0.9323890171181826
0.8885244423614602
0.4591121250314278
0.9447452367539836
0.922099656049975
0.9844985643315036
0.984262672882985
0.8758874011502515
0.9447452367539836
0.9300862710138261
0.9300862710138261
