0.29080365179801443
0.29080365179801443
0.29080365179801443
0.29080365179801443
0.23411153219922476
0.231877156626301
0.2322647963793499
0.231877156626301
0.2726240260185106
0.2600215943283967
0.23411153219922476
0.27275307798776854
0.24282144825842641
0.29080365179801443
0.24790352172112998
0.21032311905350917
0.2279809372833008
0.2364556977829048
0.23370563184461532
0.28844785881748514
0.231877156626301
0.23370563184461532
0.24101890513315438
0.2330877421474662
0.22720804688770133
0.22837448797855667
0.28844785881748514
0.1870793408788444
0.2330877421474662
0.29080365179801443
0.29080365179801443
