0.03688636485570879
0.03688636485570879
0.03688636485570879
0.03688636485570879
0.06169341081088112
0.050303223894993275
0.06169341081088112
0.050303223894993275
0.4318032564318135
0.25930555641542374
0.06169341081088112
0.25859610799637345
0.03688636485570879
0.03688636485570879
0.36694401654177683
0.23733506551543396
0.19635820594527967
0.047303031522375465
0.047303031522375465
0.031191271397764873
0.050303223894993275
0.047303031522375465
0.33126826081938276
0.035912844606487616
0.047303031522375465
0.031191271397764873
0.031191271397764873
0.0703125
0.035912844606487616
0.03688636485570879
0.03688636485570879
