0.02018935333559234
0.1157347428498292
0.1435297182616131
0.14194587905346734
0.02049622220926011
0.1411427626089283
0.1400832095170046
0.13998923012600498
0.02042520651349528
0.1405634323050181
0.032105726532466274
0.14114276260892833
0.15069854087825324
0.031151045590777793
0.11127201145247374
0.03968197024448136
0.11292147002395188
0.11511254026197357
0.13884418424690417
0.14138879699206894
0.14109894828170233
0.14194587905346734
0.1169021680799089
0.004876598490941705
0.12416283351951886
0.14161040826469698
0.14150541054264265
0.14161040826469698
0.14445806718488216
0.026632211192620176
0.020410647486003075
