0.5000743107680405
0.7714992326714105
0.5549046268679141
0.8606885499550817
0.5000743107680405
0.4940189235136001
0.5000743107680405
0.484295582937522
0.5000743107680405
0.5471496792966047
0.5000743107680405
0.4940189235136001
0.46822250470800925
0.4599152082873229
0.4940189235136001
0.5549046268679141
0.5000743107680405
0.4922859150092839
0.4958957592506778
0.549859457643141
0.7784038873177664
0.8606885499550817
0.7710656388410769
0.4958957592506778
0.4958957592506778
0.8625860518171717
0.8636623206107849
0.8625860518171717
0.8212875430077112
0.4856938170778802
0.5000743107680405
