0.4670612596771314
0.47267938034258333
0.3932356779721319
0.39359836506812934
0.39359836506812934
0.39359836506812934
0.3906436120109915
0.3896895353309709
0.3879923667209769
0.47267938034258333
0.47267938034258333
0.35581369121143686
0.3932356779721318
0.39359836506812934
0.39359836506812934
0.3884440209446015
0.39359836506812934
0.39359836506812934
0.4038043263097462
0.3880765167508951
0.39359836506812934
0.3932356779721319
0.5485286212856073
0.39359836506812934
0.3932356779721319
0.3932356779721319
0.39359836506812934
0.3884440209446015
0.39359836506812934
0.3932356779721319
0.3896895353309709
