0.05572987131328439
0.055912932956754216
0.05753184700406675
0.05754612672897036
0.02530751548222307
0.025390654848868682
0.05776969400849131
0.025116164271808027
0.05588514217082851
0.05572987131328439
0.036200610028397195
0.02574872170571249
0.05663087080785447
0.025332023644552063
0.025377537087638083
0.02533070344990496
0.03628038603825245
0.05584320988027776
0.025550659135043854
0.05588514217082851
0.004818583942870301
0.0556046801916005
0.03853947759441953
0.03878475022291007
0.025307579392497486
0.02542856163502245
0.02761472379690567
0.03878282255687149
0.05586983104913586
0.05581054388305279
0.05789234068979748
