0.39359836506812934
0.35218604723439484
0.3884440209446015
0.3879923667209769
0.3932356779721319
0.47267938034258333
0.47267938034258333
0.47267938034258333
0.3932356779721319
0.39359836506812934
0.4038043263097462
0.47267938034258333
0.39359836506812934
0.3932356779721319
0.39359836506812934
0.39359836506812934
0.3932356779721318
0.4021667274076077
0.3851829443949589
0.3932356779721319
0.40749768927509483
0.3932356779721319
0.3953681323852519
0.3932356779721318
0.47019991210284184
0.3932356779721319
0.3915312213903257
0.3932356779721319
0.47267938034258333
0.39359836506812934
0.3884440209446015
