0.08620689655172414
0.05172413793103448
1.0
0.15517241379310345
0.13793103448275862
0.05172413793103448
0.13793103448275862
0.08620689655172414
0.27586206896551724
0.034482758620689655
0.05172413793103448
0.2413793103448276
0.13793103448275862
0.0
0.0
0.034482758620689655
0.034482758620689655
0.05172413793103448
0.15517241379310345
0.05172413793103448
0.06896551724137931
0.034482758620689655
0.06896551724137931
0.06896551724137931
0.06896551724137931
0.034482758620689655
0.08620689655172414
0.06896551724137931
0.034482758620689655
0.20689655172413793
0.05172413793103448
