0.05603448275862069
0.030172413793103446
0.7507055552368342
0.10775862068965517
0.09482758620689655
0.030172413793103446
0.09482758620689655
0.05603448275862069
0.1982758620689655
0.017241379310344827
0.030172413793103446
0.1724137931034483
0.09482758620689655
0.0
0.0
0.017241379310344827
0.017241379310344827
0.030172413793103446
0.10775862068965517
0.030172413793103446
0.04310344827586207
0.017241379310344827
0.04310344827586207
0.04310344827586207
0.04310344827586207
0.017241379310344827
0.05603448275862069
0.04310344827586207
0.017241379310344827
0.14655172413793102
0.030172413793103446
