0.05143050294023992
0.12477457760512246
0.12588930955008007
0.0513030771357344
0.0513030771357344
0.05203393130654093
0.12477457760512246
0.10202699598915309
0.12477404772280078
0.059172601305670244
0.12477457760512246
0.12477418019359217
0.0319512884611434
0.0513030771357344
0.05603711819331938
0.0513030771357344
0.12424500698860891
0.051313708038749475
0.033148693491486886
0.12477404772280078
0.12477418019359217
0.12458935633816282
0.12463881892063539
0.05203393130654093
0.12477404772280078
0.12477418019359217
0.030436477216939574
0.0513030771357344
0.09983939414212673
0.12550824145732065
0.031072622553466035
