0.9948051948051948
0.9948051948051948
0.8484848484848484
0.9965367965367965
0.9965367965367965
0.9965367965367965
0.9948051948051948
0.9965367965367965
0.9965367965367965
0.8822510822510822
0.9948051948051948
0.9956709956709957
0.9965367965367965
0.9965367965367965
0.9376623376623376
0.9965367965367965
0.9948051948051948
0.9272727272727272
0.8857142857142857
0.9965367965367965
0.9956709956709957
0.8147186147186147
0.7783549783549784
0.9965367965367965
0.9965367965367965
0.9956709956709957
0.9965367965367965
0.9965367965367965
0.9272727272727272
0.8138528138528137
0.8874458874458874
