0.5732915146937215
0.5732915146937215
0.4868847143483347
0.5760957397131915
0.5760957397131915
0.5760957397131915
0.5732915146937215
0.4959322532385749
0.5760957397131915
0.4181003684742778
0.5732915146937215
0.5746234301171995
0.4959322532385749
0.5760957397131915
0.48224647379628743
0.5760957397131915
0.5732915146937215
0.5760957397131915
0.4811054187854731
0.5760957397131915
0.5746234301171995
0.5466777293304941
0.46664541694764483
0.5760957397131915
0.5760957397131915
0.5746234301171995
0.4959322532385749
0.5760957397131915
0.4770125787984301
0.7655437682802724
0.48486986668704113
