1.1804891399469586
1.1804891399469586
1.277282935486934
1.178598623501905
1.178598623501905
1.2326759395455087
1.1804891399469586
1.3052059082196723
1.178598623501905
1.597666154943176
1.1804891399469586
1.179502895919571
1.3052059082196776
1.178598623501905
1.2716766748046657
1.178598623501905
1.1804891399469586
1.2068581270325678
1.4407813248198906
1.178598623501905
1.179502895919571
1.4128347802052093
1.4637847919227365
1.2326759395455087
1.178598623501905
1.179502895919571
1.3052059082196779
1.178598623501905
1.4132798456888667
1.0694780954501957
1.4437600674039341
