0.14160111059694586
0.11846367422489588
0.13003239241092088
0.14227642276422764
0.13327163350300786
0.0948634891254049
0.0962517353077279
0.15826006478482185
0.17075428042572882
0.14391485423415085
0.15040650406504066
0.13512262841277187
0.1951219512195122
0.18699186991869918
0.15039333641832486
0.2003701989819528
0.15853658536585366
0.0962517353077279
0.17886178861788618
0.1951219512195122
0.13280888477556688
0.16260162601626016
0.14252660805182785
0.15918556223970384
0.16982878297084683
0.16666666666666666
0.22357723577235772
0.14761684405367886
0.13512262841277187
0.12355391022674687
0.13697362332253588
