0.7641843771514993
0.8421180347851605
0.7957020801119626
0.7747692840186152
0.785692787515566
0.8278687599462761
0.8853793975237301
0.7733057941407735
0.7887947088633311
0.7551645391511759
0.7461954906453276
0.8262039931829211
0.6722836085371497
0.6929944357287163
0.7356350379792553
0.6793602781006987
0.7772147041229782
0.8670105303551878
0.767180957325538
0.7568311870069186
0.7825871039830251
0.7343220354924512
0.7738174512703018
0.7382760916919674
0.7964244195889437
0.7346136048125868
0.6327073057866163
0.7934786289093803
0.791046376451733
0.837255410962254
0.7963698679096926
