0.47583578925379716
0.4376652440411164
0.5007330654533283
0.4475254649733946
0.4235364644471811
0.3895858589861207
0.42173085242120933
0.400122694873511
0.40711119515452565
0.4638964779066151
0.40318912338746365
0.46779446773161865
0.43337837780408645
0.420137065429458
0.46319713857926986
0.36721483571820607
0.4369047310346316
0.47500486543555115
0.4594078153452367
0.4826036923863381
0.5001330933403169
0.4747188626120969
0.42577279077149693
0.47503875472918966
0.4026432538580443
0.4747750023739918
0.39302313222124835
0.5374569547814058
0.4598071796052125
0.4912297878900302
0.4059748302639344
