0.0036115733847131336
0.024262405539430584
3.667978143440106E-9
3.6908318107946887E-9
0.05270199319648621
0.03111761977899798
0.0241642702670823
4.4194173825833527E-4
3.667978143440106E-9
0.005872065406867826
5.486662678523445E-9
5.486662678523443E-9
5.486662678523443E-9
0.0031280726275605157
5.486662678523443E-9
0.005522584795274493
3.125000000481644E-4
3.6908318107946887E-9
0.0036115733847131583
0.02417157881818529
0.008878442543949979
0.005140351580990152
5.459006403776683E-9
0.024046957951468096
0.004480636627773732
5.440490783324885E-9
3.125000000223351E-4
0.0040413440027508825
0.025224293935394982
0.004029243737796279
3.125000000481644E-4
