0.9627965494379732
0.8772915153376528
0.8626887474361724
0.9300862710138261
0.571396443840534
0.8874011497494666
0.8885244423614602
0.984262672882985
0.8626887474361724
0.8326069373787414
0.9300862710138261
0.9300862710138261
0.9300862710138261
0.9844985643315036
0.9300862710138261
0.9414090608239258
0.9840604812870944
0.9300862710138261
0.9088785027232125
0.9218637646014564
0.8349321533240897
0.94362194414199
0.9532822631058463
0.8772915153376528
0.9348377966161986
0.9300862710138261
0.984262672882985
0.9323890171181826
0.6659327829316911
0.9323890171181826
0.984262672882985
