0.03688636485570879
0.06169341081088112
0.05738400527634364
0.03688636485570879
0.25859610799637345
0.047303031522375465
0.047303031522375465
0.031191271397764873
0.05738400527634364
0.09635416666666667
0.03688636485570879
0.03688636485570879
0.03688636485570879
0.031191271397764873
0.03688636485570879
0.03688636485570879
0.032455035888925225
0.03688636485570879
0.047303031522375465
0.047303031522375465
0.09635416666666667
0.035912844606487616
0.02598293806443154
0.06169341081088112
0.04160793806443154
0.03688636485570879
0.031191271397764873
0.050303223894993275
0.25930555641542374
0.050303223894993275
0.031191271397764873
