0.8531271017918668
0.8660254037844386
0.6264911360127424
0.8531271017918668
0.8660254037844386
0.8531271017918668
0.8660254037844386
0.8531271017918668
0.7609521281126116
0.8531271017918668
0.8531271017918668
0.8531271017918668
0.7115333236699931
0.8660254037844386
0.7609521281126116
0.8531271017918668
0.8531271017918668
0.8200914748012226
0.8141345313608418
0.8660254037844386
0.8660254037844386
0.8660254037844386
0.8660254037844386
0.8531271017918668
0.8660254037844386
0.8531271017918668
0.8531271017918668
0.8531271017918668
0.8531271017918668
0.8660254037844386
0.8660254037844386
