1.3450814761492655
1.0
1.1884049565886492
1.2713537218718247
1.3173223078998728
1.2958634726041502
1.324316033740972
1.3153361617915384
1.4985701538882497
1.1468228606344781
1.2072275426672587
1.2154674084727755
1.2579803802974137
1.2425914691133515
1.3070517300176447
1.1170273958723882
1.2713537218718252
1.2129231712328647
1.3557009108809923
1.4288210079922676
1.0
1.6027807794379325
1.2595224722807699
1.2994846201375736
1.2129231712328647
1.0
1.3070517300176447
1.2129231712328647
1.2895416561004869
1.2129231712328647
1.2801162869579843
