0.8531271017918668
0.8531271017918668
0.8531271017918668
0.8531271017918668
0.8660254037844386
0.8660254037844386
0.8660254037844386
0.8660254037844386
0.8660254037844386
0.8660254037844386
0.8531271017918668
0.8660254037844386
0.8470832468191329
0.8531271017918668
0.8470832468191329
0.8660254037844386
0.8531271017918668
0.8660254037844386
0.8660254037844386
0.8660254037844386
0.8531271017918668
0.8531271017918668
0.7036392354957798
0.8660254037844386
0.8660254037844386
0.8660254037844386
0.8660254037844386
0.8531271017918668
0.8531271017918668
0.8470832468191329
0.8200914748012226
