0.5000743107680405
0.8606885499550817
0.7784038873177664
0.5549046268679141
0.5000743107680405
0.5000743107680405
0.4958957592506778
0.5000743107680405
0.46822250470800925
0.8625860518171717
0.8625860518171717
0.5549046268679141
0.7741916934841783
0.5530936675517877
0.4958957592506778
0.5000743107680405
0.536614215861056
0.7741916934841783
0.5549046268679141
0.5000743107680405
0.7784038873177664
0.8636623206107849
0.5000743107680405
0.4958957592506778
0.4682423442914731
0.4958957592506778
0.7784038873177664
0.5000743107680405
0.5000743107680405
0.7784038873177664
0.8625860518171717
