0.18181818181818182
0.047619047619047616
0.047619047619047616
0.10909090909090909
0.047619047619047616
0.10909090909090909
0.10909090909090909
0.047619047619047616
0.07272727272727272
0.047619047619047616
0.14545454545454545
0.10909090909090909
0.047619047619047616
0.047619047619047616
0.18181818181818182
0.047619047619047616
0.047619047619047616
0.047619047619047616
0.10909090909090909
0.10909090909090909
0.047619047619047616
0.047619047619047616
0.10909090909090909
0.10909090909090909
0.10909090909090909
0.047619047619047616
0.047619047619047616
0.047619047619047616
0.047619047619047616
0.047619047619047616
0.047619047619047616
