0.0308512661357236
0.12530191008709315
0.0513030771357344
0.034305643789339875
0.10121079326539156
0.03609111858549339
0.042234723438406244
0.030126335441827523
0.05000000037252903
0.12530191008709315
0.05457386145711626
0.034308510405677846
0.0513030771357344
0.09980727127582656
0.08690743934860012
0.12421704156080801
0.12477404772280078
0.12477404772280078
0.03477717045573228
0.035060324803333674
0.12421158578095154
0.1006557871550242
0.03199405960216093
0.05333479891044775
0.036679700743423416
0.05133496324015284
0.10027877043133382
0.12530191008709315
0.12317688876613639
0.0513030771357344
0.0513030771357344
