0.8147186147186147
0.9523809523809523
0.9965367965367965
0.8865800865800866
0.9523809523809523
0.8865800865800866
0.8865800865800866
0.9965367965367965
0.9272727272727272
0.9523809523809523
0.8528138528138527
0.8865800865800866
0.9965367965367965
0.9956709956709957
0.8173160173160173
0.9852813852813853
0.9965367965367965
0.9965367965367965
0.8874458874458874
0.8874458874458874
0.9965367965367965
0.9523809523809523
0.8874458874458874
0.8865800865800866
0.8857142857142857
0.9956709956709957
0.9965367965367965
0.9523809523809523
0.9965367965367965
0.9965367965367965
0.9965367965367965
