0.4809336074018399
0.883153230911587
0.5760957397131915
0.4764461202550813
0.7747723131254867
0.4868847143483347
0.4764461202550813
0.4959322532385749
0.5760957397131915
0.883153230911587
0.48812175672578545
0.48296992105710107
0.5760957397131915
0.4942211902845293
0.43238673864185573
0.4866380260494769
0.5760957397131915
0.5760957397131915
0.48486986668704113
0.48333474503086704
0.4675632368965911
0.7747723131254867
0.48486986668704113
0.4868847143483347
0.4811054187854731
0.5746234301171995
0.5760957397131915
0.883153230911587
0.5760957397131915
0.5760957397131915
0.5760957397131915
