1.036217729076251
1.0
1.178598623501905
1.4523008225268434
1.0664544716923114
1.3965420719528527
1.4523008225268434
1.3052059082196779
1.0
1.0
1.3092727421915298
1.4448878405725172
1.178598623501905
1.3061545799417125
1.4781360465253777
1.2750545358967702
1.178598623501905
1.178598623501905
1.4437600674039341
1.446426260741162
1.294738793428476
1.0664544716923114
1.4437600674039415
1.3965420719528425
1.4460377848762942
1.179502895919571
1.2326759395455176
1.0
1.178598623501905
1.178598623501905
1.178598623501905
