0.05587283109975225
0.028812477314154955
0.05515869818447051
0.04562155049758858
0.04192118050077856
0.054519318218798185
0.03732650690619202
0.027203363700554633
0.03549831463661316
0.027232673539886332
0.04736303291565948
0.03542108456071533
0.044429720581761575
0.047772651876411214
0.037627721553104225
0.04855402976014706
0.036196615270400787
0.04742565419148316
0.04917302887320558
0.04222256411665005
0.04858845582033999
0.03659219973761805
0.06905755677201132
0.05725160046325953
0.047154176889236954
0.046146169999256366
0.05828892256210768
0.03807059994993537
0.03273996451640931
0.04723867982873855
0.0390273891516694
