0.38816823599190264
0.39359836506812934
0.47267938034258333
0.39359836506812934
0.47267938034258333
0.47267938034258333
0.3932356779721319
0.39359836506812934
0.3932356779721319
0.47267938034258333
0.39359836506812934
0.3932356779721319
0.39359836506812934
0.39359836506812934
0.39359836506812934
0.39359836506812934
0.39359836506812934
0.3932356779721319
0.40749768927509483
0.39359836506812934
0.3932356779721319
0.38512385854513054
0.47019991210284184
0.3580623056401399
0.3932356779721319
0.39359836506812934
0.47019991210284184
0.39359836506812934
0.3896895353309709
0.35621448231032105
0.39359836506812934
