1.5598969428706428
1.3655233326576506
1.292231849348397
1.4360220952652092
1.292231849348397
1.292231849348397
1.3957630364711384
1.3635963249608174
1.3668850488127213
1.2752654979052847
1.4395833843750714
1.3654943543195168
1.4243628126843215
1.409552203821022
1.4095522038210235
1.4404089433486857
1.3909955830495648
1.3957630364711384
1.3340558911345786
1.4417112862859156
1.440206050389373
1.4047216127014535
1.299893905310506
1.7245567486037974
1.3957630364711384
1.4265065795881802
1.2998939053105076
1.4207415775906793
1.3171634346448937
1.5488884079769474
1.412358205681601
