0.049819578944922484
0.046107353218186986
0.035315690952269725
0.03549831463661316
0.0483390905355562
0.055370086265893834
0.04783744089912848
0.046107353218186986
0.03355883202964983
0.0545783456977203
0.05515869818447051
0.052767987613532435
0.041513388457832395
0.03632210435469122
0.0478076406065041
0.05216462640914867
0.046730012323315855
0.030864838336826236
0.05607127442794124
0.03549831463661316
0.05095848194177167
0.0415275466779451
0.057055991927875936
0.06736612566809724
0.06254429065520786
0.047893544691609814
0.04705995651413699
0.05515869818447051
0.03535216505484696
0.0469201474299962
0.03342946839419829
