0.47267938034258333
0.3932356779721319
0.39359836506812934
0.3932356779721319
0.3884440209446015
0.5485286212856073
0.3884440209446015
0.3932356779721319
0.39359836506812934
0.47267938034258333
0.47267938034258333
0.39359836506812934
0.39359836506812934
0.39359836506812934
0.3932356779721319
0.3867721309863586
0.35621448231032105
0.39359836506812934
0.47267938034258333
0.3932356779721319
0.3896895353309709
0.39359836506812934
0.538222675450867
0.47267938034258333
0.37344186699636067
0.39340781042860196
0.3884440209446015
0.47267938034258333
0.47267938034258333
0.35218604723439484
0.4038043263097462
