0.43097848619950163
0.5442166071600837
0.5441166586001245
0.5442166071600837
0.38054924336220336
0.5442166071600837
0.5442166071600837
0.6029899739188332
0.5442166071600837
0.5409176943400066
0.5542346416769278
0.5542346416769278
0.548990968186072
0.5442166071600837
0.5442166071600837
0.5409176943400066
0.5442166071600837
0.3901572832552002
0.5442166071600837
0.483701616889727
0.6055429213843428
0.5409176943400066
0.5442166071600837
0.4383930781253888
0.5409176943400066
0.3831149862675507
0.5441166586001245
0.5441166586001245
0.5441166586001245
0.5410639274978926
0.548990968186072
