1.464150025233618
1.3500494530809979
1.3693180627005994
1.3672075595240964
1.3498857279923617
1.3449861629069135
1.263171259085642
1.1117368339705151
1.3449861629069138
1.366851390525158
1.1638641424481886
1.1664974288954435
1.1738598759407728
1.3449861629069135
1.3672075595240962
1.3638351126829125
1.3500494530809979
1.5133427543963383
1.3500494530809979
1.3198477045699968
1.1258821975252566
1.3638351126829125
1.3689207002668486
1.4890145686638958
1.2837044024607516
1.4567490918967314
1.3693180627005994
1.366732696546246
1.3974409509830263
1.3290131637149414
1.1738598759407728
