0.920125786163522
0.9081761006289308
0.9647798742138365
0.9056603773584906
0.9779874213836478
0.9157232704402516
0.9213836477987422
0.9257861635220126
0.9867924528301887
0.9779874213836478
0.9257861635220126
0.7666666666666666
0.9779874213836478
0.8867924528301887
0.9433962264150944
0.9867924528301887
0.9691823899371069
0.9389937106918239
0.7666666666666666
0.9867924528301887
0.9823899371069182
0.9867924528301887
0.9433962264150944
0.9389937106918239
0.8867924528301887
0.9823899371069182
0.9345911949685535
0.9345911949685535
0.7666666666666666
0.9779874213836478
0.9213836477987422
