0.38054924336220336
0.49073643531947614
0.5442620322560635
0.3831149862675507
0.3901572832552002
0.3785668691299113
0.5410639274978926
0.380078914076417
0.5442166071600837
0.5440712213667407
0.43670130735256046
0.548990968186072
0.3901572832552002
0.43929443303430626
0.5492116698461075
0.5442166071600837
0.3879714211017584
0.5409176943400066
0.548990968186072
0.5442166071600837
0.5436275055492091
0.5442166071600837
0.5397233699116966
0.5409176943400066
0.38898962908848517
0.5441166586001245
0.5408719883701146
0.37385120342073996
0.5485061620195089
0.3887611181222337
0.5410639274978926
