0.03459119496855346
0.06918238993710692
0.040880503144654086
0.03773584905660378
0.022012578616352207
0.040880503144654086
0.05031446540880503
0.0440251572327044
0.009433962264150943
0.022012578616352207
0.0440251572327044
0.11666666666666665
0.022012578616352207
0.04716981132075473
0.018867924528301886
0.009433962264150943
0.03459119496855346
0.025157232704402514
0.11666666666666665
0.009433962264150943
0.015723270440251572
0.009433962264150943
0.018867924528301886
0.025157232704402514
0.04716981132075473
0.015723270440251572
0.031446540880503145
0.031446540880503145
0.11666666666666665
0.022012578616352207
0.05031446540880503
