1.3324419087341648
1.3351582478839399
1.3824715577276747
1.4271429281050199
1.491000255996347
1.3770885983555101
1.3579267046075614
1.4990574971466932
1.191567929436864
1.2759163778973974
1.4136913955985781
1.1684003100453344
1.3708271260407423
1.2917386505388306
1.231456130710313
1.3122017923153622
1.3791279641135783
1.2764718751343742
1.165663526118134
1.2999225636899743
1.2958265093728907
1.3245644903497433
1.3135162071082307
1.244300353499561
1.2993328132034088
1.2754651606334515
1.2676334283643726
1.4299946593233228
1.1682652637225193
1.4107541613079857
1.3150933090969408
