0.05167691876252035
0.07890375703848247
0.0375290340698861
0.1048547523531286
0.08020035923522073
0.0518646453529678
0.1029992761659547
0.010217801094417982
0.03691090434650492
0.07913755703988402
0.10496868289228937
0.08239631240489624
0.05708996129412724
0.06025835736248147
0.013054303345448019
0.051189953932352525
0.05160987117773333
0.07890545236821307
0.07929868053279863
0.07892985354637422
0.03803992463366799
0.05026071261416777
0.010059170136701788
0.0833199244990191
0.05104170825653462
0.051894366760045774
0.059325608691244376
0.08376618225956976
0.036681981188174326
0.035423225078660206
0.016286823575913854
