0.4038043263097462
0.40749768927509483
0.47267938034258333
0.47019991210284184
0.5476499879023045
0.4038043263097462
0.4021667274076077
0.35362455418246985
0.47267938034258333
0.4021667274076077
0.3932356779721319
0.3561228035212675
0.47019991210284184
0.47019991210284184
0.40749768927509483
0.4032549999316086
0.3884440209446015
0.4021667274076077
0.6531446591759568
0.3896895353309709
0.47019991210284184
0.4021667274076077
0.3932356779721319
0.38441041912482504
0.3932356779721318
0.39359836506812934
0.47019991210284184
0.38030046705538517
0.47019991210284184
0.39359836506812934
0.35212594523512314
