1.3694115521252004
1.3684763405446088
1.2877719858278815
1.29047660572467
1.12403267698669
1.3129294964624962
1.3771818016326214
1.483092057643599
1.2861767993748583
1.3771818016326214
1.410873403994317
1.3993516112299136
1.29047660572467
1.29047660572467
1.385640049035589
1.3827839516020959
1.4151294136251213
1.3605733493770764
1.0850798414992662
1.3470597582907138
1.29047660572467
1.3101253169505302
1.359283182999446
1.5126399328424323
1.4017093936355725
1.4489495528403282
1.29047660572467
1.349680978636963
1.22248201169225
1.3595325726853542
1.5685527186497474
