0.1603937942786637
0.14901163875845302
0.14916021859406575
0.14154406512190418
0.14894545863170294
0.13989235062548666
0.14154406512190418
0.13282403749251864
0.15634719294719596
0.156410241291736
0.13620428641313967
0.14916021859406575
0.14154406512190418
0.15634719294719596
0.13620428641313967
0.14591632520176132
0.1415440651219042
0.14287514479989794
0.13106807115867508
0.16247033498806063
0.14591632520176132
0.1456224361924367
0.1459104844024743
0.10679041491725652
0.14154406512190418
0.14569012581877902
0.125
0.156410241291736
0.156410241291736
0.14154406512190418
0.15634719294719596
