0.8267610316341051
0.6915527094241021
0.6915527094241021
0.6915527094241021
0.6915527094241021
0.6913312311653035
0.6915527094241021
0.6387851300626688
0.8347675739066979
0.8267610316341051
0.6423946429445813
0.6915527094241021
0.6915527094241021
0.8347675739066979
0.6423946429445813
0.6423946429445813
0.6915527094241021
0.5922469876131142
0.6773556136139905
0.8267610316341051
0.6423946429445813
0.6423946429445813
0.639438418795025
0.4610764473488357
0.6915527094241021
0.6423946429445813
0.6915527094241021
0.8267610316341051
0.8267610316341051
0.6915527094241021
0.8347675739066979
