1.0810740483727088
1.1827918583347163
1.1894024297563792
1.120979184806383
1.1827918583347163
1.1345382184437693
1.120979184806383
1.1783699654884336
1.0
1.0810740483727137
1.1435132341181693
1.1894024297563792
1.120979184806383
1.0
1.1435132341181693
1.2238648680572497
1.120979184806383
1.2569091673989803
1.2010556109915553
1.081074048372705
1.2238648680572497
1.2187333613685674
1.2230660868778094
1.3090909559061585
1.120979184806383
1.2187333613685674
1.0
1.0810740483727137
1.0810740483727137
1.120979184806383
1.0
