0.17361801071459745
0.1692329790704363
0.11154968934405327
0.14204928751222742
0.17647650882587854
0.16340344177896335
0.21372995492076338
0.15145040814568828
0.18694964070070427
0.1945369736330379
0.10145088908248992
0.1426494984190768
0.18463644205630012
0.13382102297935147
0.12374546238908536
0.1648413140660572
0.1737250122919238
0.14204928751222742
0.1445075173644456
0.12073649436996181
0.16206857250581297
0.14845930722420722
0.16047132791684607
0.13499012578024244
0.16839232001626633
0.14204928751222742
0.14204928751222742
0.1717047401382506
0.1364669179559774
0.14879559906675321
0.09043471902190343
