0.5441166586001245
0.5542346416769278
0.37599821799239824
0.5501155945265926
0.5496120375125266
0.5507264376221863
0.5514442102721754
0.38058821995898134
0.548990968186072
0.4857010074635429
0.43929443303430626
0.5416284127435391
0.5404952545339623
0.483701616889727
0.38760201453849746
0.4383930781253888
0.5409176943400066
0.5501155945265926
0.5507264376221863
0.4857010074635429
0.548990968186072
0.548990968186072
0.3879714211017584
0.3879714211017584
0.5388798956076918
0.5501155945265926
0.5501155945265926
0.5501155945265926
0.4383930781253888
0.5451951636155757
0.38760201453849746
