1.2967684050708794
1.1506522680615872
1.3204849293054712
1.0
1.11354074435015
1.1215586335377328
1.1630085704869935
1.3080690177068135
1.1234754113506533
1.201837412068443
1.1299368390958464
1.0
1.1329349607954424
1.142595648672091
1.2749012049571624
1.3797912941070891
1.2753161107307467
1.0
1.0691598755818819
1.1809777539378576
1.0658867798582032
1.0658867798582032
1.4151680305294831
1.3210341346390737
1.2937244167163204
1.0
1.0
1.1521813416827686
1.1348652296037711
1.0668329401575667
1.0820304563171335
