0.14609281307108346
0.1875617852909085
0.1425258289232725
0.18547692827625933
0.11899080282726823
0.18458685223969698
0.18864343479892146
0.1918800391315813
0.14477982855109459
0.14500449289104775
0.14433919270476195
0.11889908488183748
0.14415599496693846
0.1873663338785566
0.14560608607340697
0.15097576525367956
0.18374232393564655
0.1454168387347104
0.14654924324860866
0.1507604586536479
0.14485572786539438
0.14748425917775143
0.1418619257229603
0.14641912094059292
0.1447489387000149
0.1435401904395416
0.1443555524531233
0.15557188580141088
0.1893371795224393
0.2050529642752198
0.12329386337948808
