0.7232704402515723
0.8779874213836478
0.9779874213836478
0.7666666666666666
0.9345911949685535
0.679874213836478
0.7666666666666666
0.6220125786163522
0.9257861635220126
0.7232704402515723
0.8679245283018868
0.7088050314465408
0.9691823899371069
0.8679245283018868
0.9245283018867925
0.9389937106918239
0.7666666666666666
0.7232704402515723
0.8779874213836478
0.9389937106918239
0.9433962264150944
0.679874213836478
0.679874213836478
0.7666666666666666
0.7666666666666666
0.9056603773584906
0.8779874213836478
0.9389937106918239
0.7666666666666666
0.6220125786163522
0.8823899371069183
