0.5451951636155757
0.37599821799239824
0.3901572832552002
0.548990968186072
0.37102381608780405
0.37599821799239824
0.548990968186072
0.6632104878729521
0.43670130735256046
0.5451951636155757
0.4278465712707118
0.48405046118176936
0.4383930781253888
0.4930663422299226
0.5531988173451454
0.5409176943400066
0.548990968186072
0.380078914076417
0.5383429997570301
0.5409176943400066
0.5542346416769278
0.5423582261179091
0.42783329380728924
0.548990968186072
0.548990968186072
0.38994213667115285
0.483701616889727
0.5409176943400066
0.548990968186072
0.6632104878729521
0.4790609972540383
