0.12722855304613698
0.05974842767295598
0.022012578616352207
0.11666666666666665
0.031446540880503145
0.14099797436347955
0.11666666666666665
0.165034413561403
0.0440251572327044
0.12722855304613698
0.05660377358490567
0.13135590286421892
0.03459119496855346
0.05660377358490567
0.028301886792452827
0.025157232704402514
0.11666666666666665
0.12722855304613698
0.05974842767295598
0.025157232704402514
0.018867924528301886
0.14099797436347955
0.14099797436347955
0.11666666666666665
0.11666666666666665
0.03773584905660378
0.05974842767295598
0.025157232704402514
0.11666666666666665
0.165034413561403
0.053459119496855355
