1.1510310697670862
1.288666611440033
1.3266855789233867
1.1573140486861921
1.343925789990734
1.2796388556479337
1.1234754113506533
1.0564385030718706
1.4059648518859933
1.1510310697670862
1.3120839382986527
1.0854604402829
1.2717607412051226
1.1887634624532692
1.1078342913696808
1.281866512411219
1.1573140486861921
1.2937674830528536
1.2672446387572127
1.2753161107307451
1.1506522680615872
1.1599875953501588
1.14098446658967
1.1573140486861921
1.1573140486861921
1.2643217048256574
1.2408744124102908
1.2753161107307454
1.1623589704860564
1.0564385030718706
1.2276223483395634
