0.0711077510553695
0.07185181971814997
0.07156645000939849
0.1035811911039452
0.09465065011062414
0.07156371404918924
0.09403073060467478
0.0712489659999918
0.07187839954348392
0.07392242603713402
0.07246246849921907
0.09481230109199533
0.07250236882886955
0.07081956111783196
0.07133968054807194
0.07096782171129225
0.07103113935936187
0.09484387109582956
0.0837601309145472
0.09424541350331152
0.07152595097845019
0.07119901428612986
0.09455934823174726
0.09447287667660642
0.07359223317229176
0.0717006203766803
0.0740740300420363
0.07140136764693135
0.07165454083636483
0.04844756676691793
0.07146095450286855
