0.5442166071600837
0.5409176943400066
0.4332456827783216
0.548990968186072
0.548990968186072
0.43635238283020383
0.5442166071600837
0.5442166071600837
0.5442166071600837
0.5442166071600837
0.5409176943400066
0.5516101712869261
0.5440712213667407
0.38994213667115285
0.5442166071600837
0.5442166071600837
0.38760201453849746
0.3866630828076669
0.5441166586001245
0.548990968186072
0.5442166071600837
0.4383930781253888
0.5441166586001245
0.5442166071600837
0.5409176943400066
0.5442166071600837
0.5442166071600837
0.5441166586001245
0.5441166586001245
0.43670130735256046
0.5542346416769278
