1.2350414066005877
1.363835112682907
1.4140773571576475
1.1794354077230988
1.2587704968680873
1.4292268898259044
1.350049453080998
1.3017171567878703
1.3500494530809979
1.3500494530809977
1.3104837384752612
1.333330386686471
1.388905772384048
1.2776325579454342
1.3386142808677737
1.1977785933836065
1.5451646917053488
1.4172358508121683
1.3693180627005994
1.1738598759407728
1.3338411471804028
1.5501508470285543
1.3667441374699911
1.3500494530809979
1.3668513905251525
1.3500494530809979
1.3500494530809979
1.3693180627005992
1.3320415735651192
1.420770239644719
1.1638641424481886
