0.016418754926540425
0.06210479897664459
0.09977202314828165
0.04593460688188784
0.020074179024960444
0.02065802208266844
0.10013367997056273
0.10064841534380141
0.04994870209608252
0.07936429980764431
0.1007625444821444
0.08592366603156582
0.02312852473378871
0.08637213205136275
0.10037089364019235
0.0933984789066126
0.1002375300258527
0.1002375300258527
0.013156336266563755
0.09844767245850708
0.024633243429071125
0.10037089364019235
0.08118035411027531
0.08675815523212399
0.0800742829949529
0.10211788203421285
0.10013367997056273
0.10037089364019235
0.09877319443695337
0.07059565752714746
0.10013367997056273
