0.5000743107680405
0.5000743107680405
0.7784038873177664
0.5000743107680405
0.5549046268679141
0.5514115503257232
0.8625860518171717
0.464317580647807
0.4958957592506778
0.46409745302120875
0.7751030820299872
0.46822250470800925
0.4940189235136001
0.4940189235136001
0.8606885499550817
0.5000743107680405
0.8615946971265132
0.8615946971265132
0.49429263413500124
0.5223853432757742
0.485494097291559
0.8606885499550817
0.7726542933134549
0.4682423442914731
0.7784038873177664
0.8567508375378915
0.8625860518171717
0.8606885499550817
0.46021808406663256
0.4940189235136001
0.8625860518171717
