0.6560846560846562
0.9470899470899471
0.9841269841269842
0.9841269841269842
0.6666666666666667
0.6666666666666667
0.9841269841269842
0.9841269841269842
0.9841269841269842
0.9417989417989419
0.6666666666666667
0.9947089947089947
0.9259259259259259
0.9841269841269842
0.9947089947089947
0.9947089947089947
0.9682539682539683
0.9947089947089947
0.9841269841269842
0.6666666666666667
0.9523809523809523
0.6666666666666667
0.9788359788359788
0.9947089947089947
0.9894179894179894
0.6666666666666667
0.9682539682539683
0.9841269841269842
0.9841269841269842
0.9841269841269842
0.9841269841269842
