0.7424784591919422
0.8660254037844386
0.8660254037844386
0.8660254037844386
0.8660254037844386
0.8531271017918668
0.8531271017918668
0.8470832468191329
0.8660254037844386
0.8660254037844386
0.8660254037844386
0.8531271017918668
0.8531271017918668
0.8531271017918668
0.8660254037844386
0.8660254037844386
0.8660254037844386
0.72180461349845
0.8531271017918668
0.8660254037844386
0.8660254037844386
0.8660254037844386
0.8531271017918668
0.7712147880220311
0.8531271017918668
0.8660254037844386
0.8660254037844386
0.7432974750057872
0.8531271017918668
0.8660254037844386
0.8660254037844386
