0.07113465470460514
0.07182354361029002
0.07166137187184105
0.09436124281663927
0.07154181918684535
0.07178003993585262
0.07156471071035353
0.09210781757265153
0.07139719979467082
0.07207043678634276
0.07145552873833884
0.0945367632693719
0.09465590042497835
0.09474929574253138
0.07169298276887079
0.07184172926749596
0.048204981730712186
0.07162266263018349
0.07120690554960123
0.07134505617352942
0.09467755784739217
0.07197019561788269
0.07120559317004126
0.07211489304774689
0.07140991339623513
0.09336738799055551
0.07147577700501259
0.09458403412802623
0.09370973570025283
0.09408700261227504
0.0715673222746345
