0.7666666666666666
0.9257861635220126
0.9867924528301887
0.9867924528301887
0.9591194968553459
0.9389937106918239
0.9867924528301887
0.9433962264150944
0.9867924528301887
0.9823899371069182
0.9823899371069182
0.9823899371069182
0.9823899371069182
0.9257861635220126
0.9867924528301887
0.9867924528301887
0.9056603773584906
0.9867924528301887
0.9433962264150944
0.9867924528301887
0.9867924528301887
0.9867924528301887
0.9867924528301887
0.9823899371069182
0.9245283018867925
0.9345911949685535
0.9867924528301887
0.9691823899371069
0.9515723270440252
0.9867924528301887
0.9867924528301887
