1.1710343650261665
1.4815994742236562
1.3419939703761028
1.3657182700455135
1.419869979759186
1.365263077436754
1.3904093230631942
1.1664974288954435
1.2631712590856503
1.3693180627005992
1.2963571356530377
1.3693180627005994
1.3693180627005994
1.3784090921036296
1.3706499083711023
1.346499261815601
1.343760742322673
1.3672075595240993
1.166087690681641
1.319705142494995
1.2631712590856417
1.2691163065941264
1.2631712590856512
1.3668667446524956
1.163870426137466
1.5472024018599717
1.2866514425823246
1.2929005905162412
1.2375835572739524
1.3657182700455135
1.3516086718809384
