1.1934098866144833
1.122232660274516
1.1866594459218047
1.0
1.1222326602745172
1.2286014957865705
1.1934098866144833
1.1866594459218047
1.081914063379439
1.1450001867588775
1.2623449604145673
1.1222326602745178
1.0819140633794293
1.0819140633794229
1.0
1.2286014957865705
1.0
1.122232660274517
1.122232660274517
1.122232660274517
1.0
1.0819140633794229
1.2286014957865705
1.202907658725504
1.2528677502285006
1.2286014957865705
1.2979917949012951
1.2528677502285006
1.1934098866144833
1.1755150856240937
1.0819140633794229
