0.639438418795025
0.6234298921456256
0.8267610316341051
0.4948856607457753
0.6915527094241021
0.8347675739066979
0.6271289054070429
0.6763534716732773
0.8347675739066979
0.8347675739066979
0.8347675739066979
0.6289261944757497
0.6387298950950712
0.8347675739066979
0.8347675739066979
0.8347675739066979
0.4936724852360669
0.6913312311653035
0.6859999037731859
0.8347675739066979
0.8405785818003716
0.6423946429445813
0.6913312311653035
0.8347675739066979
0.8347675739066979
0.48130978456808754
0.8347675739066979
0.6387298950950712
0.6915527094241021
0.8347675739066979
0.8347675739066979
