0.056435695798036825
0.036204510331319065
0.06263844161027507
0.05789164099687038
0.03523587634075635
0.0626658260572833
0.05807235139528463
0.0559012307176737
0.057528105386408374
0.025420281360112207
0.057648925024160844
0.025528068664306347
0.03653293646719176
0.00639585703797793
0.025390654848868682
0.055947578924229024
0.025826966132843774
0.05593318247925555
0.02533041006397253
0.016148882675750396
0.025392346549418587
0.025417307319858425
0.025097581426383152
0.025914094887343454
0.02502629135865217
0.05755404001422106
0.05577190994699508
0.0577789555150714
0.03753255963568091
0.02647233771485239
0.025420281360112207
