0.46619503012530455
0.4021667274076077
0.3580623056401399
0.3932356779721319
0.3932356779721318
0.47019991210284184
0.47019991210284184
0.3880765167508951
0.39396071826821344
0.47267938034258333
0.38780047044706273
0.47267938034258333
0.3880765167508951
0.3932356779721319
0.47267938034258333
0.35621448231032105
0.47267938034258333
0.40749768927509483
0.3932356779721319
0.3791180115025342
0.47267938034258333
0.39359836506812934
0.47267938034258333
0.4670612596771314
0.47267938034258333
0.3896895353309709
0.3932356779721318
0.4668067643273158
0.4450676867095402
0.3816570744126554
0.47267938034258333
