1.4359217172754013
1.3847292618460185
1.5610297173862082
1.4146412359234823
1.3629971906563232
1.4464940096508683
1.2998939053105074
1.439085623216293
1.5133103156267542
1.3279602201062835
1.5351733045484803
1.2993076823485923
1.4364920897455309
1.3668850488127213
1.292231849348397
1.5362009125923888
1.2663398264051613
1.3762727190803343
1.4110374089381865
1.5689503034297174
1.3109650683507867
1.4216836301249065
1.31886003510775
1.5280558615507145
1.2217398072483696
1.3663943173632511
1.395562938558725
1.3001024898483589
1.4243458297329044
1.5372633742948658
1.3279602201062835
