0.3821138211382114
0.3170731707317073
0.35365853658536583
0.34146341463414637
0.15779731605738084
0.14391485423415085
0.10689495603887089
0.2926829268292683
0.12601626016260162
0.12771864877371586
0.2682926829268293
0.10569105691056911
0.35365853658536583
0.18699186991869918
0.17306802406293384
0.12262841277186488
0.15040650406504066
0.13821138211382114
0.3130081300813008
0.11892642295233688
0.24796747967479674
0.13414634146341464
0.13327163350300786
0.18292682926829268
0.2845528455284553
0.3333333333333333
0.0990282276723739
0.21951219512195122
0.13821138211382114
0.17954650624710783
0.15447154471544716
