0.47492315737595137
0.6241464543289579
0.5367697129076797
0.5905802417579936
0.7410375353175096
0.7934447692463968
0.8350169110205679
0.58288657389119
0.772875023983928
0.8208917882792895
0.6335142944210561
0.8115596889425628
0.6101511269624498
0.6790743520577269
0.8235704638397611
0.8167402173790363
0.7532721602088764
0.8039638378799336
0.6221393287509923
0.7807887796601242
0.611787677339985
0.7905271949526528
0.7895979353129949
0.7127176894165981
0.58765326200231
0.5701064322073115
0.838709495378156
0.6855001636550377
0.7840242585674353
0.6737057143824562
0.7218880148079592
