0.3106371895364464
0.2157737468637659
0.26824119290899584
0.23862868154451075
0.1278675871444526
0.10021730463024976
0.0747277582129043
0.22713418394532192
0.10418619181983185
0.09168615613958041
0.19226178261342597
0.08578087621458719
0.24141784112739142
0.1574191700354768
0.10504037767554086
0.08571194164611752
0.11366072967293013
0.08571585130480958
0.21423170926754276
0.10080835561180128
0.20202707010734092
0.093090807591642
0.10098308950401859
0.13612034771171533
0.22131483506816588
0.24325016527650575
0.07157604526850626
0.1544612176265283
0.09654192636437037
0.16207827541292108
0.13285094923535948
