0.9353699357996098
1.0150782760757666
0.8923336399434494
0.8648002960279281
1.2219210515185692
0.879860271011498
1.0
1.0
0.9882086300654127
1.1454137665067101
0.8851841233457718
1.050145408824973
0.841650019333259
1.0000000000000002
1.0
1.3626240409384516
0.9919802140204579
0.8121009698878168
0.9866381368711273
1.0396114905776668
1.09637383003343
1.1045527248678804
0.918914365441673
0.8923080041226582
0.9991140286685289
1.0
1.0162262857296922
1.1008036132600503
1.0846671322863477
0.9371247421514867
1.0236611957515875
