0.7245464459999977
0.7241880678472032
0.8660254037844386
0.8084682282868448
0.7099520521081922
0.8660254037844386
0.8660254037844386
0.8531271017918668
0.8141345313608418
0.8084682282868448
0.8660254037844386
0.6883917310143829
0.8660254037844386
0.8531271017918668
0.8660254037844386
0.8660254037844386
0.8660254037844386
0.8531271017918668
0.8660254037844386
0.8531271017918668
0.8470832468191329
0.8200914748012226
0.8660254037844386
0.6061990780409996
0.8531271017918668
0.8660254037844386
0.8470832468191329
0.7241880678472032
0.6687224922590965
0.8660254037844386
0.5785533961105537
