0.11024752689238969
0.08378006380780728
0.11032439318014159
0.11478787507271909
0.11037687646033195
0.11059874226441076
0.1148624184228614
0.0885129855549804
0.11024698412377347
0.110576453555229
0.110576453555229
0.11042082315264683
0.11055416035244389
0.11055416035244389
0.11032105315448736
0.10834041450311338
0.0885129855549804
0.08014482229746499
0.11044469337433846
0.11024418453794713
0.11490532879368204
0.11490532879368204
0.11510968420548151
0.07995775976569204
0.11045439674081656
0.08849985507794701
0.0885129855549804
0.11047671007499975
0.11490532879368204
0.11496527572154447
0.11044533898786442
