0.503245952207861
0.6339060766935276
0.6379720977767069
0.6915527094241021
0.6915527094241021
0.8267610316341051
0.8267610316341051
0.6915527094241021
0.501078454600971
0.8267610316341051
0.8267610316341051
0.6423946429445813
0.8347675739066979
0.8347675739066979
0.6423946429445813
0.6913312311653035
0.6915527094241021
0.6423946429445813
0.6423946429445813
0.5059123862221819
0.8267610316341051
0.8267610316341051
0.6915527094241021
0.6423946429445813
0.6915527094241021
0.6913312311653035
0.6915527094241021
0.6915527094241021
0.8267610316341051
0.5922469876131142
0.6423946429445813
