1.2926400358320147
1.242351535184849
1.1848172237403503
1.1866594459218047
1.1866594459218047
1.0819140633794229
1.08191406337944
1.1222326602745278
1.289599716211931
1.0819140633794229
1.0819140633794229
1.1450001867588777
1.0
1.0
1.1669661344077646
1.1359321801952416
1.1222326602745278
1.2286014957865705
1.2307354097431864
1.289448728009061
1.08191406337944
1.08191406337944
1.10818861697426
1.2233614145051799
1.1222326602745087
1.135932180195234
1.1222326602745278
1.1866594459218047
1.08191406337944
1.2623449604145673
1.2286014957865705
