0.16219869081995686
0.16253100808646945
0.125
0.1253522813810131
0.15606521417694658
0.16247033498806063
0.16247033498806063
0.1556966350946548
0.1561324397119868
0.16272708711353026
0.1626319698809192
0.15596983041718235
0.15606489129539367
0.15634719294719596
0.16253100808646945
0.16204639511744212
0.12539207220429738
0.113640674297696
0.12535693878812104
0.16247033498806063
0.15606489129539367
0.16247033498806063
0.1561342664785273
0.15634719294719596
0.15308769425325383
0.15634719294719596
0.15634719294719596
0.15606489129539367
0.15606489129539367
0.15596983041718235
0.1560374199855239
