0.6915527094241021
0.8405785818003716
0.6915527094241021
0.6915527094241021
0.6898893693192575
0.8267610316341051
0.8267610316341051
0.6379720977767069
0.6915527094241021
0.6807394827087475
0.6423946429445813
0.6423946429445813
0.6915527094241021
0.8347675739066979
0.8405785818003716
0.6423946429445813
0.6898893693192575
0.6423946429445813
0.6339060766935276
0.8267610316341051
0.6915527094241021
0.8267610316341051
0.6915527094241021
0.8347675739066979
0.6913312311653035
0.8347675739066979
0.8347675739066979
0.6915527094241021
0.6915527094241021
0.6423946429445813
0.6423946429445813
