0.5000743107680405
0.8606885499550817
0.8625860518171717
0.5000743107680405
0.8606885499550817
0.5000743107680405
0.5000743107680405
0.7751030820299872
0.5000743107680405
0.5000743107680405
0.4940189235136001
0.5000743107680405
0.5549046268679141
0.4958957592506778
0.4940189235136001
0.8636623206107849
0.5000743107680405
0.5000743107680405
0.5000743107680405
0.549859457643141
0.7784038873177664
0.4940189235136001
0.5549046268679141
0.4682423442914731
0.7741916934841783
0.8625860518171717
0.4892573663331969
0.8625860518171717
0.4958957592506778
0.5000743107680405
0.4682423442914731
