0.08006079957056352
0.07135537984141782
0.07089507609632742
0.07139018410433944
0.09462402616646377
0.07168621682149218
0.09433124240629413
0.07092728748306434
0.07169143100250965
0.09455061249218455
0.09508632041160547
0.07113083690543368
0.10341405815682725
0.09460313888481568
0.07217634396516849
0.07260528976682946
0.09362812332673184
0.07253749979637326
0.09465068785317975
0.07177924270754939
0.09553713253783329
0.10307360758918828
0.09447563110496474
0.0926142355893676
0.0717098310860601
0.0716853477544497
0.07168808698377083
0.07142992087909837
0.09473141383850801
0.07181743031016788
0.07157894879714463
