1.2844856616385114
1.5088243670472683
1.5408169048602691
1.5237424694005224
1.3657182700455135
1.3672075595241049
1.4387061578217066
1.270660574196956
1.3689207002668489
1.349053087131879
1.3958766731141317
1.5272341755721313
1.3655929964786615
1.3435032473850497
1.4928495242880087
1.36685139052515
1.4303212830383794
1.166087690681641
1.3406602952552047
1.3346278249439607
1.1140821403893084
1.4674606769914287
1.3449861629069138
1.3372444718710526
1.2316265860504043
1.311059164857022
1.166087690681641
1.1668595339494032
1.3500494530809979
1.5114964514638896
1.3668513905251525
