0.008058487475588802
0.07797935814993191
5.251745471820525E-9
0.00648252792979172
0.04147114519442056
0.08339354866624417
0.010862906313232794
0.04430405237597032
0.006482527929791721
0.005107536062163892
0.04499533498988627
0.010182727966869958
0.03413841188423592
5.315405316630717E-9
0.011228067735878162
5.251745471820525E-9
7.737608358282602E-9
0.013782921071132794
0.006482527929791721
0.007582791600269273
5.251745471820525E-9
7.570621574342395E-9
6.250000000478953E-4
5.1873044369410886E-9
5.315405316630717E-9
5.251745471820525E-9
0.025764218843755064
5.251745471820525E-9
0.044503808665770375
7.694015851743879E-9
0.07451496593319142
