0.9323890171181826
0.8711695720493193
0.9300862710138261
0.8806613947470397
0.3964661038397007
0.5734408859064432
0.8654632457899563
0.8874011497494666
0.8806613947470397
0.9627965494379732
0.9212347207856073
0.9324676476010221
0.8885244423614602
0.9300862710138261
0.8806613947470397
0.9300862710138261
0.9300862710138261
0.9089571332060521
0.8806613947470397
0.9305805176167429
0.9300862710138261
0.9532822631058463
0.984262672882985
0.8626887474361724
0.9300862710138261
0.9300862710138261
0.4717828819727743
0.9300862710138261
0.8874011497494666
0.9300862710138261
0.42612102176621824
