0.231877156626301
0.20375851256968455
0.29080365179801443
0.2364556977829048
0.2562448846308966
0.2343594563077721
0.19523016871709373
0.23185566304139107
0.2364556977829048
0.24282144825842641
0.23370563184461532
0.22722998008902548
0.23370563184461532
0.29080365179801443
0.2364556977829048
0.29080365179801443
0.29080365179801443
0.22269301057486693
0.2364556977829048
0.22897113243380737
0.29080365179801443
0.23666384827370704
0.28844785881748514
0.29230058908819434
0.29080365179801443
0.29080365179801443
0.26891115957358475
0.29080365179801443
0.23185566304139107
0.29080365179801443
0.24501642091190154
