0.050303223894993275
0.0703125
0.03688636485570879
0.047303031522375465
0.37381135263866994
0.3454887502906738
0.08072916666666667
0.047303031522375465
0.047303031522375465
0.03688636485570879
0.047303031522375465
0.050303223894993275
0.047303031522375465
0.03688636485570879
0.047303031522375465
0.03688636485570879
0.03688636485570879
0.047303031522375465
0.047303031522375465
0.04160793806443154
0.03688636485570879
0.02598293806443154
0.031191271397764873
0.05738400527634364
0.03688636485570879
0.03688636485570879
0.30884908715353143
0.03688636485570879
0.047303031522375465
0.03688636485570879
0.338349722690753
