0.035310078820602823
3.8850711219559295E-9
0.0020085535123939824
3.8850711219559295E-9
3.8850711219559295E-9
0.00162063198245143
0.017054064902626613
2.20970869154854E-4
2.6017447567127134E-9
0.0026891199007911437
0.031235547841320228
3.8850711219559295E-9
3.8850711219559295E-9
3.863366644241294E-9
0.0015640363137826908
0.001556211916264206
0.022134984616214725
3.125000000239612E-4
2.209708691549487E-4
0.03394486402430037
0.019878721737856868
0.0031030222858766036
3.8796563860670685E-9
1.5625000004816495E-4
3.8796563860670685E-9
3.875319150057076E-9
0.0019373065045837933
0.0025796572871322494
1.5625000002168936E-4
2.6098122016319516E-9
3.8850711219559295E-9
