0.6619450751434955
0.9863070654063495
0.94362194414199
0.9300862710138261
0.9300862710138261
0.8806613947470397
0.8772915153376528
0.984262672882985
0.9300862710138261
0.9844985643315036
0.915887850094359
0.9300862710138261
0.9300862710138261
0.9300862710138261
0.9844985643315036
0.9344895780528409
0.94362194414199
0.986621587333021
0.984262672882985
0.93049065287859
0.9447452367539836
0.9844985643315036
0.9300862710138261
0.984262672882985
0.9300862710138261
0.9878796750397068
0.9806906051082117
0.9339616267515398
0.986621587333021
0.9863070654063495
0.9863070654063495
