0.22748992134104074
0.2903073148967722
0.23123282999582026
0.29080365179801443
0.29080365179801443
0.2364556977829048
0.23411153219922476
0.28844785881748514
0.29080365179801443
0.22837448797855667
0.22684605135784153
0.29080365179801443
0.29080365179801443
0.29080365179801443
0.22837448797855667
0.22894586006268816
0.23123282999582026
0.23611115390710402
0.28844785881748514
0.22684605135784153
0.2330877421474662
0.22837448797855667
0.29080365179801443
0.28844785881748514
0.29080365179801443
0.23605370207483092
0.23188668615157507
0.22834560394853112
0.23611115390710402
0.2903073148967722
0.2903073148967722
