1.5019809547402676
1.1006578796190123
1.2759568661394223
1.0527762628061494
1.0527762628061494
1.2609674940402409
1.2601800330919417
1.1129010233196819
1.0527762628061494
1.5126562044278105
1.5324749056740308
1.0527762628061494
1.0527762628061494
1.0527762628061494
1.51265620442783
1.4091692845342585
1.2759568661394223
1.4220874099998044
1.1129010233196819
1.533284815525428
1.2761843849525423
1.5126562044278105
1.0527762628061494
1.1129010233196819
1.0527762628061494
1.4192052883355117
1.513597657027516
1.3499636090779905
1.4220874099998044
1.1006578796190125
1.1006578796190123
