0.054075623853153836
0.05513357550016622
0.008692374497866237
0.0709729395267336
0.06960532529139114
0.018843305380885914
0.0709729395267336
0.06618743004111553
0.0690342114798026
0.06630089412094395
0.0278930351223521
0.01419458811530229
0.04890120909376664
0.06394469872271374
0.07075270527132146
0.07080520413234848
0.07057560185145025
0.018596855911064452
0.07080520413234848
0.06955507702242672
0.07080520413234848
0.06873453353279561
0.07080520413234848
0.03747611214998426
0.07080520413234848
0.07080520413234848
0.005566189123226876
0.19416608672895222
0.06885268787870272
0.060746251053846186
0.11379105344359222
