0.5000743107680405
0.5000743107680405
0.5000743107680405
0.8606885499550817
0.5000743107680405
0.5000743107680405
0.8606885499550817
0.7784038873177664
0.5549046268679141
0.5000743107680405
0.5549046268679141
0.5549046268679141
0.5000743107680405
0.5000743107680405
0.8636623206107849
0.8625860518171717
0.5000743107680405
0.5549046268679141
0.8625860518171717
0.5000743107680405
0.8625860518171717
0.5000743107680405
0.8625860518171717
0.5549046268679141
0.8625860518171717
0.8625860518171717
0.4958957592506778
0.4958957592506778
0.5000743107680405
0.5549046268679141
0.5530936675517877
