0.06315946492986878
0.07399173617978907
0.06009838395650742
0.06009838395650742
0.06008463082704098
0.06646906416401174
0.0504191221509179
0.05537396999438701
0.0671577824441972
0.06008463082704098
0.06008463082704098
0.07683546098967042
0.05180141770381422
0.08080982287021106
0.05628605498584502
0.07487447941668382
0.07465377583440677
0.07172285385929418
0.06419597881931184
0.0688423295829225
0.07832120027992583
0.06130340984911406
0.07327345971322002
0.07195719983986887
0.06277054803993055
0.06008463082704098
0.07619872560751646
0.07104909160798882
0.07752222103136903
0.06264262636680076
0.0810137574360086
