1.1804490988011056
1.1813627404610325
1.3160801620438916
1.3160801620438916
1.3151007342277652
1.1804490988011043
1.2388799273884552
1.1813627404610325
1.2742002451145176
1.3151007342277652
1.3151007342277652
1.1813627404610325
1.4688156863641282
1.1804490988010974
1.4140600827520344
1.1804490988011003
1.1804490988011005
1.1804490988011018
1.1804490988011052
1.2459422926294754
1.1804490988010987
1.1804490988011063
1.1966096871565828
1.1813627404610325
1.3151007342277652
1.3151007342277652
1.1823592030454053
1.1823592030454029
1.3160801620438916
1.1813627404610325
1.1804490988010974
