0.22004517997054873
0.17732668467644874
0.22030912758039917
0.16229377793071792
0.1780082300631253
0.1605894393561648
0.21571220327759225
0.22985355594205598
0.16231768386752768
0.1779934075846186
0.22985355594205598
0.22050566249014
0.22985355594205598
0.22110832070488734
0.22110832070488734
0.22110832070488734
0.16719494064970936
0.19434646623048246
0.22110832070488734
0.22110832070488734
0.22004517997054873
0.21613396186859307
0.22110832070488734
0.21216984622593452
0.17898164971103284
0.22929449682779418
0.22110832070488734
0.1608348326284228
0.1767766952966369
0.1607915609275937
0.1461613112638749
