0.14010209626302214
0.1538031132473354
0.1449830450366872
0.16129388241272505
0.16974140816189578
0.16771062758957364
0.10857903699700533
0.07250047568619193
0.18419863791766233
0.1337689740582489
0.13100230553679756
0.14252305304290858
0.1346191139163424
0.17361801071459745
0.18674026757641776
0.18158654850058745
0.1716844018631286
0.1431412022114601
0.1790512686466293
0.07116234779489095
0.1730963419472638
0.1558042662212871
0.12062665326481785
0.18948465415447546
0.14204928751222742
0.16214878916625494
0.1426494984190768
0.1503217604155249
0.12980000085052765
0.15828453390546687
0.1715773077949044
