0.37599821799239824
0.4857010074635429
0.5542346416769278
0.3901572832552002
0.548990968186072
0.5450336610057318
0.4383930781253888
0.37599821799239824
0.548990968186072
0.48405046118176936
0.483701616889727
0.49100771647484126
0.4828831600243033
0.5441166586001245
0.6634192030730018
0.548990968186072
0.5451951636155757
0.4857010074635429
0.5409176943400066
0.380078914076417
0.5404952545339623
0.548990968186072
0.4289199826728978
0.6644617956757978
0.5501155945265926
0.5451951636155757
0.5416284127435391
0.37269853061437946
0.3725661067700426
0.5507264376221863
0.5416284127435391
