0.053459119496855355
0.05345911949685534
0.018867924528301886
0.022012578616352207
0.11666666666666665
0.12722855304613698
0.05660377358490567
0.14099797436347955
0.11666666666666665
0.13135590286421892
0.05974842767295598
0.05660377358490567
0.14646072023458906
0.015723270440251572
0.24119340360845318
0.11666666666666665
0.12722855304613698
0.13135590286421892
0.025157232704402514
0.12722855304613698
0.15851234261813296
0.11666666666666665
0.053459119496855355
0.14646072023458906
0.0660377358490566
0.12722855304613698
0.14646072023458906
0.0660377358490566
0.04716981132075471
0.05660377358490567
0.14646072023458906
