0.07496010564161926
0.03848299682644609
0.08249027770700032
0.04277627582550697
0.04791638402047418
0.03489755928337839
0.027239450259132655
0.054130119778881214
0.05209644708838868
0.07969940272139417
0.02545762459793279
0.041327842831148695
0.06828398873659643
0.04575498438810863
0.035146459210842515
0.028631945789880084
0.060773396361933844
0.05054063010668285
0.05455929380161199
0.02716706155202059
0.07734259673563958
0.0681002969802526
0.06324501945109284
0.028610633163291446
0.035804855851019786
0.05491365014922616
0.04827683528672939
0.026836612247385386
0.07388440321716884
0.028072399135565897
0.06171443411516536
