0.794082459565919
0.838709495378156
0.722429769415695
0.8196803647814359
0.654879741763637
0.8173628589594549
0.7279319646505118
0.7972031918375639
0.6703705375785827
0.8137511615745496
0.8020940320462899
0.8239560877792952
0.7951151792869154
0.784370379566822
0.793890588142346
0.8124325158105815
0.8130833737768196
0.8847529937585354
0.8314315489290941
0.7801247540471703
0.8381395243846007
0.7039423934267107
0.7553112643574377
0.6577502887476816
0.8156190863158053
0.7512782022776266
0.6750789118256754
0.8094547465604225
0.7541769656474908
0.829984988882744
0.8301825035834811
