0.10287471320753232
0.10408921724101719
0.10413470779771332
0.10076311031544696
0.07067550466574941
0.13356948271526134
0.08218179409465005
0.10018199397660207
0.1006984842067757
0.09994195235152688
0.07233697666652388
0.10228372042348466
0.13313637270323553
0.10211456151613232
0.10182890277447613
0.14574722715093316
0.10136138618867563
0.13424201575861827
0.13132025221312996
0.13269578022278122
0.10036365595618545
0.10054498971433228
0.10275353361875014
0.10317014304779473
0.10294518239792322
0.10292834656845612
0.10262117373446927
0.09987986930351977
0.10163021118660566
0.13207154423810638
0.1005992852118577
