0.9389937106918239
0.9113207547169812
0.9867924528301887
0.9823899371069182
0.8823899371069183
0.9823899371069182
0.9345911949685535
0.7666666666666666
0.8679245283018868
0.9257861635220126
0.9056603773584906
0.9823899371069182
0.8823899371069183
0.9433962264150944
0.8679245283018868
0.9735849056603774
0.9056603773584906
0.9647798742138365
0.9867924528301887
0.9867924528301887
0.9867924528301887
0.9867924528301887
0.7666666666666666
0.9823899371069182
0.9823899371069182
0.9213836477987422
0.9389937106918239
0.9056603773584906
0.9389937106918239
0.9069182389937107
0.8823899371069183
