0.025157232704402514
0.04716981132075471
0.009433962264150943
0.015723270440251572
0.053459119496855355
0.015723270440251572
0.031446540880503145
0.11666666666666665
0.05660377358490567
0.0440251572327044
0.03773584905660378
0.015723270440251572
0.053459119496855355
0.018867924528301886
0.05660377358490567
0.028301886792452834
0.03773584905660378
0.040880503144654086
0.009433962264150943
0.009433962264150943
0.009433962264150943
0.009433962264150943
0.11666666666666665
0.015723270440251572
0.015723270440251572
0.05031446540880503
0.025157232704402514
0.03773584905660378
0.025157232704402514
0.05345911949685534
0.053459119496855355
