1.2938900909697701
1.4339052999999407
1.3232916461296726
1.2548928261750116
1.3205118630843447
1.3453791184322013
1.5499085198043323
1.0673027863026106
1.1269829329769068
1.4282990995791425
1.3324824484028719
1.323747545782154
1.2522080735801577
1.1656322596504582
1.2520271562954024
1.320016068114214
1.4796556994161603
1.3331614543068449
1.3232916461296755
1.3245644903497433
1.191567929436864
1.191567929436864
1.1684003100453344
1.3400153975790048
1.3453791184322013
1.35431465792046
1.3210009032705505
1.421039653399096
1.3024972662672831
1.5645143419206187
1.3272521574413614
