0.8660254037844386
0.7609521281126116
0.8660254037844386
0.8660254037844386
0.8531271017918668
0.8660254037844386
0.8531271017918668
0.8531271017918668
0.8660254037844386
0.8660254037844386
0.8660254037844386
0.8660254037844386
0.8660254037844386
0.8660254037844386
0.8531271017918668
0.8531271017918668
0.8531271017918668
0.7605966791910632
0.8660254037844386
0.8660254037844386
0.8660254037844386
0.7609521281126116
0.8660254037844386
0.8660254037844386
0.8660254037844386
0.8660254037844386
0.8531271017918668
0.8660254037844386
0.8470832468191329
0.8660254037844386
0.8531271017918668
