0.15409532623785285
0.13414634146341464
0.13008130081300814
0.10975609756097561
0.13604812586765386
0.1910569105691057
0.14634146341463414
0.15316982878297083
0.08536585365853659
0.18292682926829268
0.12956964368347987
0.13008130081300814
0.14715409532623785
0.2073170731707317
0.12540490513651087
0.13049514113836186
0.13743637204997686
0.14946783896344285
0.25609756097560976
0.1016260162601626
0.1800092549745488
0.21138211382113822
0.11800092549745488
0.14113836186950485
0.0962517353077279
0.1022674687644609
0.11382113821138211
0.15447154471544716
0.1078204534937529
0.14576584914391486
0.18292682926829268
