0.031027381079497977
0.09905491145037984
0.09780905300989809
0.13020781040607007
0.08838121749386689
0.039605466688520025
0.0533481656670195
0.10267609574628048
0.06392130478164854
0.08473367921674871
0.030492020423838626
0.06188275515212487
0.024458059820700664
0.015259559876920953
0.14688396726830816
0.10495119383856827
0.017641695126962204
0.055760363312987025
0.03678216411835646
0.20239423153379296
0.056765158873527594
0.1385947600025347
0.14054361286938888
0.16776383582248813
0.04902217041900238
0.08497401141480415
0.01791486753095445
0.08364323132790788
0.060329847088024316
0.08226589277422658
0.08876019498332587
