0.7736932991726956
0.7873218135235494
0.8029329992513251
0.846576223744653
0.8182958807838888
0.6565877736519151
0.7884786853421518
0.767654992607307
0.8435288540761391
0.7293540704958184
0.8208936693716775
0.7806006704213271
0.7973762523372573
0.6969447297434567
0.7973612035981534
0.808896062121195
0.8204873534158756
0.7744683092365399
0.6740217379036354
0.8325959451172485
0.7933243793335667
0.6685552834241901
0.8438204233962746
0.7785615662727661
0.8486416631866457
0.8247461465822432
0.8123647964846147
0.7778392267957849
0.8232713701500735
0.7361692682174392
0.765273529644135
