0.11067246710415331
0.09490313401836316
0.08742091542935325
0.06499506919264937
0.08878142667551821
0.17272994019770874
0.09377316279215393
0.11293842770700295
0.06643597713080535
0.12626011430540005
0.08594028991345098
0.1061823175760969
0.09960048002388322
0.1464808603877193
0.09480410158353812
0.09194052170539883
0.08845774161781583
0.10922774408188111
0.17011773665640548
0.07159741659247455
0.11412612388686127
0.16363706631981248
0.07607601350915581
0.10566503903833789
0.06687316407556208
0.07820696156548651
0.08196819902904291
0.09932444715100575
0.0798331788825357
0.12582396965334547
0.10814645398879259
