1.1322999091705896
1.1023703075370117
0.9750974182240976
1.0649556201608754
1.0828527161401555
1.0868404686268869
1.1381274904814216
1.0602376944674319
1.0828440145869238
1.0
1.0334198738226854
1.270425675947392
1.0
1.1327662466039838
1.1310670869522539
1.1436968483683987
1.127218890112809
1.0
1.0
0.7921860130658656
1.0
1.059329578906801
1.1606591761057485
1.0903647524827962
1.1093730848800543
1.0755239458034767
1.1369791630181
1.0456735345850499
1.040073419302734
1.0807806377404763
1.1376207944829626
