0.5485286212856073
0.3896895353309709
0.3693598832959409
0.5199312820297546
0.4617357199514142
0.4038043263097462
0.39129410655308494
0.47267938034258333
0.4680913441522411
0.5485286212856073
0.3693598832959409
0.4021667274076077
0.538222675450867
0.3880765167508951
0.538222675450867
0.35060423882460845
0.5178230068774983
0.47267938034258333
0.6425459101437181
0.6437661117905955
0.37344186699636067
0.38030046705538517
0.5348429801456746
0.4462379701413607
0.5485286212856073
0.3896895353309709
0.3932356779721319
0.5476499879023045
0.39359836506812934
0.47267938034258333
0.5275067496414986
