1.1232197370491264
1.0
1.5065859388613936
1.3261988682262
1.2153986257360199
1.4052954188645161
1.2367541775506716
1.0
1.252106035154708
1.1232197370491264
1.504611732003053
1.315336161791539
1.1039641810507899
1.4009094675749378
1.1039641810507916
1.520615610179487
1.3304156559081977
1.0
1.1033749793682976
1.0
1.5852019084697575
1.3417129249120876
1.1228331802206926
1.310600331602797
1.0
1.3199830806114787
1.343846741194961
1.1259975833034788
1.344085415964184
1.2144122908853934
1.251474831357003
