0.14161040826469698
0.14389889437765307
0.14150541054264265
0.16927511502974393
0.11526739995957408
0.16652840667063898
0.11387877816785377
0.1403272716309205
0.0167692603665684
0.1377617409910899
0.11429806616523942
0.14244760390161962
0.13658769992663244
0.1396704802441254
0.1140790572236922
0.03354327084241756
0.04388938641847538
0.11379206018756902
0.042889510804580165
0.017064471941297822
0.13883904575593195
0.11223385384168458
0.012191496227354263
0.024550561925618716
0.03178584714889683
0.018166622345399213
0.1405856275851513
0.020011887073857804
0.0024382992454708525
0.115791277161993
0.14014073103536337
