0.8625860518171717
0.7714992326714105
0.8636623206107849
0.46822250470800925
0.4940189235136001
0.4630361724826133
0.7784038873177664
0.4879645413132726
0.4958957592506778
0.5000743107680405
0.41724850387570633
0.8591329312621374
0.4940189235136001
0.5000743107680405
0.7741916934841783
0.46102478003169206
0.48375820160683447
0.7751030820299872
0.4661944320953506
0.4958957592506778
0.5000743107680405
0.5000743107680405
0.49069825761233477
0.4682423442914731
0.4682423442914731
0.48265392961220804
0.7784038873177664
0.5000743107680405
0.49791479579978104
0.48498562686328284
0.5549046268679141
