0.07938338375127661
0.05519287791809292
0.05571395830816658
0.009449400876996233
0.05535835172552711
0.05203278952793169
0.08268847980364497
0.009449400876996238
0.09510298661590763
0.08084400715863962
0.043921496580421285
0.0819969917482638
0.052071212642476813
0.046646833844151935
0.05101535163752173
0.08267191907126879
0.03742893354658384
0.036992381144884325
0.08173423464593114
0.08143207704230818
0.07861217924463723
0.10466511386376805
0.08099156256526639
0.05732109472106811
0.03818195357535866
0.05583487114103941
0.036933711284845266
0.019164696402733664
0.024583817247710003
0.07813302056493017
0.059373600993225695
