0.3932356779721319
0.47019991210284184
0.3879923667209769
0.4021667274076077
0.47019991210284184
0.4021667274076077
0.4680913441522411
0.4021667274076077
0.35812054579533764
0.3580623056401399
0.3880765167508951
0.6437661117905955
0.3879923667209769
0.3567001708250045
0.5485286212856073
0.3879923667209769
0.38640303667754305
0.47267938034258333
0.6437661117905955
0.3932356779721318
0.3896895353309709
0.3932356779721319
0.386403036677543
0.37770203603598373
0.47267938034258333
0.390251789452238
0.3932356779721319
0.3868334223854562
0.3872809034698071
0.3932356779721319
0.3914686547916041
