0.020689655172413793
0.12000000000000002
0.1329769147627595
0.03103448275862069
0.12000000000000002
0.03103448275862069
0.1329769147627595
0.03103448275862069
0.05862068965517242
0.0
0.020689655172413793
0.15075767016449385
0.05172413793103449
0.12000000000000002
0.05172413793103449
0.1329769147627595
0.03103448275862069
0.041379310344827586
0.15075767016449385
0.013793103448275862
0.04137931034482759
0.020689655172413793
0.020689655172413793
0.1329769147627595
0.041379310344827586
0.020689655172413793
0.020689655172413793
0.0
0.09987346648689743
0.020689655172413793
0.04827586206896552
