0.9779874213836478
0.9779874213836478
0.9867924528301887
0.9433962264150944
0.8867924528301887
0.9691823899371069
0.9779874213836478
0.9867924528301887
0.9867924528301887
0.9867924528301887
0.9867924528301887
0.9823899371069182
0.9823899371069182
0.9433962264150944
0.9383647798742139
0.9867924528301887
0.7666666666666666
0.9779874213836478
0.9823899371069182
0.9245283018867925
0.9867924528301887
0.9691823899371069
0.9345911949685535
0.9069182389937107
0.9823899371069182
0.9433962264150944
0.9433962264150944
0.9867924528301887
0.9823899371069182
0.9691823899371069
0.9779874213836478
