0.022012578616352207
0.022012578616352207
0.009433962264150943
0.018867924528301886
0.04716981132075473
0.03459119496855346
0.022012578616352207
0.009433962264150943
0.009433962264150943
0.009433962264150943
0.009433962264150943
0.015723270440251572
0.015723270440251572
0.018867924528301886
0.07662473794549267
0.009433962264150943
0.11666666666666665
0.022012578616352207
0.015723270440251572
0.028301886792452827
0.009433962264150943
0.03459119496855346
0.031446540880503145
0.05345911949685534
0.015723270440251572
0.018867924528301886
0.018867924528301886
0.009433962264150943
0.015723270440251572
0.03459119496855346
0.022012578616352207
