1.4250374208454588
1.5302223694485941
1.3500494530809979
1.2400251808411191
1.3403144989175426
1.5975282706659357
1.4238318892667803
1.3500494530809979
1.3221990978573606
1.3500494530809977
1.3500494530809977
1.3659549866685439
1.3693180627005994
1.164734976001834
1.4236670540479472
1.3500494530809977
1.1738598759407728
1.5815319488977022
1.3199863585627736
1.170142389414784
1.3500494530809977
1.4486802326552395
1.4522576666783495
1.417532558227249
1.3665943046309035
1.2397061553358883
1.166087690681641
1.3673361965578863
1.3693180627005992
1.3774228443139285
1.5632394797467324
