0.17479674796747968
0.11522443313280889
0.09578898658028691
0.0976399814900509
0.15040650406504066
0.13512262841277187
0.17677001388246183
0.22211938917167978
0.16260162601626016
0.17073170731707318
0.14227642276422764
0.15040650406504066
0.1045812124016659
0.13604812586765386
0.07496529384544193
0.18371124479407683
0.12601626016260162
0.18699186991869918
0.11337343822304488
0.13821138211382114
0.15178158260064784
0.13604812586765386
0.13882461823229986
0.1966682091624248
0.13821138211382114
0.13234613604812587
0.18292682926829268
0.12494215640906987
0.0879222582137899
0.1016260162601626
0.11753817677001388
