0.06417308141069754
0.05167478364505818
0.05003095059583929
0.04849662592511792
0.06800637286889354
0.21925388247204827
0.035066658716179276
0.04684639109656323
0.04333090685005231
0.020941616842174483
0.054835430547284625
0.057842983759109255
0.04903446044891549
0.05011308886570924
0.03759805765230069
0.030164153261999983
0.06406151555588777
0.04893086518799795
0.07643355159240248
0.050407519412162004
0.056878689987691106
0.05523433204612171
0.03825925521503105
0.035559828159268767
0.04581232167207636
0.06468181638893233
0.01483674047897903
0.07654736632983675
0.06144919317059005
0.06948732438697633
0.03598006871204815
