0.682768817507703
0.8488090804091751
0.8527518500543636
0.8253292852225145
0.7402982660090368
0.7558887597205449
0.8131905960429341
0.6608823075736542
0.7130092587367336
0.7064705815961445
0.7767538364879253
0.7544516051361346
0.8117007708716606
0.8393678777139462
0.8648698472176762
0.6901953702554147
0.7963322460619332
0.6786981335801326
0.8613973506694808
0.7840242585674353
0.7930497398449227
0.7796638864121174
0.7911611230873993
0.731489110356166
0.7684713867036865
0.7971128994029413
0.7384284601753931
0.8572721150626592
0.8712937777225991
0.8389258210027728
0.8143042027366132
