0.4823057904602943
0.4573384362433272
0.40877372780206206
0.43326568920359865
0.44618492557658146
0.5171254477732492
0.38539109854598413
0.4229962723243014
0.43422680088490645
0.3582680171278725
0.4703917106129217
0.47534444973727324
0.45471541703134993
0.44922597069779946
0.43011457376539847
0.38646592643724403
0.4053970291192006
0.44464514498435
0.5192250578316147
0.459208524810983
0.46620917513951543
0.4649178351300269
0.4213639492996873
0.3966709013460319
0.44720386236836435
0.48901589956620933
0.36002560856737803
0.4103735285031674
0.45811004579463593
0.45603902436480076
0.41960121593334093
