0.1562729794278199
0.07183274127483222
0.06510272621605946
0.07722748520586745
0.12163164728940402
0.11486289262210335
0.10862809680932055
0.17792297178075958
0.13755629141990094
0.14084634947078087
0.10044991768973854
0.11295079014610365
0.08443949776149552
0.08207439161124862
0.05625996497828193
0.1546072034669719
0.09027571640035531
0.1576735218741349
0.06722481300598149
0.09654192636437037
0.10253713332594738
0.10415655347027176
0.09987526818045467
0.14057240938368995
0.10561137333038638
0.0959432173767804
0.12116866034897104
0.0728259806703195
0.05599894409135848
0.06800834758910104
0.08557148548021588
