0.8
0.9965367965367965
0.9272727272727272
0.8865800865800866
0.8484848484848484
0.8147186147186147
0.9090909090909091
0.7445887445887446
0.7515151515151515
0.9956709956709957
0.9965367965367965
0.7454545454545455
0.8138528138528137
0.8484848484848484
0.8181818181818181
0.9272727272727272
0.9523809523809523
0.8138528138528137
0.7792207792207791
0.7792207792207793
0.9523809523809523
0.9523809523809523
0.9965367965367965
0.7792207792207791
0.8484848484848484
0.9523809523809523
0.9523809523809523
0.6874458874458874
0.7316017316017316
0.9090909090909091
0.9523809523809523
