0.48740165166956906
0.4959322532385749
0.5760957397131915
0.4868847143483347
0.4868847143483347
0.4635326077328387
0.4942211902845293
0.48099297887517706
0.518642018303882
0.5746234301171995
0.4959322532385749
0.4862557635348759
0.7655437682802724
0.4868847143483347
0.48812175672578545
0.5760957397131915
0.7747723131254867
0.7655437682802724
0.5643858756755906
0.5103667717562977
0.883153230911587
0.883153230911587
0.5760957397131915
0.5643858756755906
0.4868847143483347
0.883153230911587
0.7747723131254867
0.5629790227385023
0.5146428973039127
0.5746234301171995
0.883153230911587
