0.13181818181818183
0.011904761904761904
0.03636363636363636
0.07200941750488951
0.07200941750488951
0.12219996563340473
0.05
0.14863766850017912
0.1727272727272727
0.01645021645021645
0.011904761904761904
0.1727272727272727
0.09635888528715805
0.07200941750488951
0.11818181818181818
0.03636363636363636
0.023809523809523808
0.09635888528715805
0.12219996563340473
0.14863766850017912
0.023809523809523808
0.023809523809523808
0.011904761904761904
0.12219996563340473
0.07200941750488951
0.023809523809523808
0.023809523809523808
0.21573528946159204
0.18636363636363634
0.05
0.023809523809523808
