0.9965367965367965
0.9523809523809523
0.9956709956709957
0.9965367965367965
0.9965367965367965
0.9948051948051948
0.9956709956709957
0.8865800865800866
0.9965367965367965
0.9965367965367965
0.9965367965367965
0.9965367965367965
0.9965367965367965
0.9956709956709957
0.9965367965367965
0.9965367965367965
0.9948051948051948
0.9965367965367965
0.9948051948051948
0.9948051948051948
0.9523809523809523
0.9272727272727272
0.9965367965367965
0.9956709956709957
0.8181818181818181
0.9956709956709957
0.9662337662337662
0.9965367965367965
0.8857142857142857
0.9878787878787879
0.9965367965367965
