1.1804490988010972
1.0
1.1813627404610325
1.1804490988010972
1.2852983776219633
1.1823592030454084
1.1813627404610325
1.4527905173342675
1.1804490988011145
1.1804490988011145
1.1804490988011145
1.1804490988010972
1.315100734227765
1.1813627404610325
1.372425005570884
1.1804490988011145
1.3300780668783023
1.2752223282864232
1.1823592030454084
1.1823592030454084
1.0671430120403655
1.204957924128605
1.1804490988010972
1.3360611890226417
1.103518032540015
1.1813627404610325
1.2845004433464107
1.315100734227765
1.471222008515631
1.1931762965878823
1.3151007342277652
