0.03946529729079644
4.100924232066206E-9
0.020146218688963383
3.667978143440106E-9
0.004712532093470928
4.301085617207528E-9
5.486662678523443E-9
0.032412639648935745
5.455924830701272E-9
0.0031093357409630257
0.021197571586372112
0.020146218688963383
3.6908318107946887E-9
0.020146218688963383
0.022522561162855094
0.020221817061679633
5.471315340307336E-9
2.5936522184705443E-9
5.501967206619985E-9
0.010750056418052911
0.0017951758270499745
3.798615964420081E-9
0.028070169339689213
4.301085617207528E-9
0.005614033867940443
0.022522561162855097
5.154781824353861E-9
0.020221817061679633
5.501967206619985E-9
3.736119784644672E-9
0.022522561162855097
