0.0703125
0.03688636485570879
0.050303223894993275
0.05738400527634364
0.047303031522375465
0.015079511273154282
0.03688636485570879
0.6557642497470227
0.03688636485570879
0.043845222804813073
0.047303031522375465
0.050303223894993275
0.03688636485570879
0.050303223894993275
0.04160793806443154
0.035912844606487616
0.03688636485570879
0.04648057848506638
0.047303031522375465
0.047303031522375465
0.031191271397764873
0.02598293806443154
0.047303031522375465
0.015079511273154282
0.047303031522375465
0.04160793806443154
0.03688636485570879
0.035912844606487616
0.047303031522375465
0.03688636485570879
0.04160793806443154
