1.302580858615507
1.0522350510663574
1.2637525333509978
1.0
1.2530140917038413
1.406041360298604
1.0522350510663574
1.0
1.0522350510663574
1.0637507093669891
1.253014091703839
1.2637525333509978
1.0522350510663574
1.2637525333509978
1.4884038761801546
1.267511614189406
1.0522350510663574
1.2603472099682957
1.0
1.2582913160774567
1.1105617117771822
1.3086780178278339
1.2582913160774538
1.406041360298604
1.2582913160774567
1.4884038761801546
1.0522350510663574
1.267511614189406
1.0
1.0522350510663574
1.4884038761801546
