5.1873044369410886E-9
0.04862634422136792
0.0437037743845127
0.007608505336339999
0.008058487475588802
5.251745471820525E-9
0.009092807554380493
0.07512646326304169
6.250000000242176E-4
5.251745471820525E-9
5.1873044369410886E-9
0.012051274881954852
0.011228067735878167
0.034079714167974264
5.1873044369410886E-9
7.737608358282602E-9
7.737608358282602E-9
0.06943131976047053
0.004419417382422769
0.008082688005498022
7.65017494882355E-9
7.335956286880219E-10
5.1873044369410886E-9
7.737608358282602E-9
5.1873044369410886E-9
0.04342959195856836
0.012140608580730914
0.03413841188423592
5.1873044369410886E-9
0.006512587301566848
0.006256145255116249
