0.8626887474361724
0.43240022697599134
0.8761682227256592
0.8317307692844994
0.9323890171181826
0.9300862710138261
0.933714504004205
0.6279767223203315
0.984262672882985
0.9300862710138261
0.8626887474361724
0.830045830366509
0.8806613947470397
0.8772915153376528
0.8626887474361724
0.9300862710138261
0.9300862710138261
0.8370888747574827
0.828125
0.9323890171181826
0.9300862710138261
0.8858847395281926
0.8626887474361724
0.9300862710138261
0.8626887474361724
0.9024981984838182
0.859375
0.8885244423614602
0.8626887474361724
0.9348377966161986
0.9844985643315036
