0.29230058908819434
0.2455235204403179
0.2322647963793499
0.23303029924670168
0.231877156626301
0.29080365179801443
0.2339394962503052
0.20551120744878082
0.28844785881748514
0.29080365179801443
0.29230058908819434
0.20118069946198822
0.2364556977829048
0.23411153219922476
0.29230058908819434
0.29080365179801443
0.29080365179801443
0.21374175568298479
0.2962626852826966
0.231877156626301
0.29080365179801443
0.23850083346178233
0.29230058908819434
0.29080365179801443
0.29230058908819434
0.23073261011208404
0.20262323748168107
0.23370563184461532
0.29230058908819434
0.23590251574246582
0.22837448797855667
