0.05738400527634364
0.3381355969162758
0.06169341081088112
0.09635416666666667
0.050303223894993275
0.03688636485570879
0.04160793806443154
0.244202401612327
0.031191271397764873
0.03688636485570879
0.05738400527634364
0.09635416666666667
0.047303031522375465
0.06169341081088112
0.05738400527634364
0.03688636485570879
0.03688636485570879
0.09635416666666667
0.09635416666666667
0.050303223894993275
0.03688636485570879
0.04648057848506638
0.05738400527634364
0.03688636485570879
0.05738400527634364
0.09163259345794393
0.0703125
0.047303031522375465
0.05738400527634364
0.04160793806443154
0.031191271397764873
