0.49267195912333217
0.5760957397131915
0.5746234301171995
0.5746234301171995
0.4942211902845293
0.5470744227648242
0.5760957397131915
0.7747723131254867
0.5732915146937215
0.7747723131254867
0.5746234301171995
0.5760957397131915
0.4959322532385749
0.48227991368986545
0.5746234301171995
0.7314709405922762
0.7747723131254867
0.4942211902845293
0.883153230911587
0.883153230911587
0.883153230911587
0.4811054187854731
0.48227991368986545
0.5632358619991683
0.5202132010582613
0.7747723131254867
0.568768732934242
0.5760957397131915
0.4959322532385749
0.5760957397131915
0.5760957397131915
