1.3071433947172686
1.178598623501905
1.179502895919571
1.179502895919571
1.306154579941714
1.3597494213406869
1.178598623501905
1.0664544716923114
1.1804891399469586
1.0664544716923114
1.179502895919571
1.178598623501905
1.0934647409090794
1.2282701162440466
1.179502895919571
1.2431373215728707
1.0664544716923114
1.306154579941714
1.0
1.0
1.0
1.4460377848762909
1.229131042952995
1.357179982370891
1.4374599873910852
1.0664544716923114
1.2408463632302549
1.178598623501905
1.3052059082196739
1.178598623501905
1.178598623501905
