0.1527970982812443
0.16253100808646945
0.12621826496561506
0.16247033498806063
0.15634719294719596
0.15597629183002767
0.16255214488461578
0.15634719294719596
0.1553918672129704
0.1137330428317991
0.15308769425325383
0.15634719294719596
0.16219869081995686
0.15612805364031926
0.15634719294719596
0.15606489129539367
0.15634719294719596
0.1130689567364109
0.15634719294719596
0.16255158486696705
0.12543864365166504
0.15546921288563847
0.16247033498806063
0.16245627093303797
0.1554631355355127
0.12639420423325037
0.15224705895119373
0.1527970982812443
0.156410241291736
0.15606489129539367
0.15169502521641334
