0.2032501461639004
0.025396825396825397
0.04444444444444444
0.015873015873015872
0.2
0.08253968253968254
0.04444444444444444
0.2
0.015873015873015872
0.04444444444444444
0.006349206349206349
0.2
0.006349206349206349
0.0031746031746031746
0.2
0.0031746031746031746
0.2
0.009523809523809523
0.2
0.015873015873015872
0.006349206349206349
0.015873015873015872
0.015873015873015872
0.015873015873015872
0.015873015873015872
0.10158730158730159
0.2032501461639004
0.2032501461639004
0.015873015873015872
0.0031746031746031746
0.2032501461639004
