0.025691729885255924
0.05573013801446477
0.03587003826015043
0.05588514217082851
0.02600413802577144
0.05755433267516679
0.05677625376491966
0.024736650514715502
0.05610424424401092
0.05599021790550465
0.03903175818604494
0.03668766143311851
0.024914692973158084
0.022973077508222146
0.03868833378568751
0.03667859391159242
0.007216669305056786
0.038886745378966754
0.05802958218821533
0.056720773181464026
0.025897012143513982
0.008200706623462247
0.00817385116645292
0.056721362774215904
0.025361718646437076
0.07612350780660798
0.036551388136346376
0.055821224802421014
0.057544347122989545
0.03871585812710652
0.039301061528277885
