1.395787665257367
1.395562938558725
1.3637772347240045
1.4110236502210376
1.3944276172962475
1.3132593891565054
1.2967254021101675
1.3668850488127213
1.409552203821022
1.4438587649302415
1.359150461769184
1.4799392589237343
1.2194562154055326
1.4723170125151674
1.475807245216562
1.5968681144491004
1.405492606440074
1.3568098384790437
1.349236209612553
1.3957630364711384
1.2881851415523793
1.488609238285005
1.4820973985331503
1.3946610633504268
1.440206050389373
1.3751536520776826
1.5549651590835136
1.3957630364711384
1.4358677995995788
1.3603399398864042
1.5500586098879205
