0.8141345313608418
0.8531271017918668
0.8531271017918668
0.8531271017918668
0.8660254037844386
0.8470832468191329
0.6061990780409996
0.660089928692328
0.7809055081477461
0.8470832468191329
0.7403402168882395
0.8660254037844386
0.8531271017918668
0.8531271017918668
0.7241880678472032
0.8470832468191329
0.8660254037844386
0.8531271017918668
0.8531271017918668
0.8660254037844386
0.8531271017918668
0.7712147880220311
0.8660254037844386
0.8660254037844386
0.8660254037844386
0.8030987174856162
0.8084682282868448
0.8531271017918668
0.8660254037844386
0.7099520521081922
0.8660254037844386
