0.7784038873177664
0.549859457643141
0.7784038873177664
0.5000743107680405
0.49373678281200173
0.7751030820299872
0.5000743107680405
0.7784038873177664
0.5000743107680405
0.7784038873177664
0.5000743107680405
0.5000743107680405
0.5000743107680405
0.7784038873177664
0.4958957592506778
0.7784038873177664
0.5000743107680405
0.5549046268679141
0.4682423442914731
0.4937179676991846
0.5000743107680405
0.5549046268679141
0.5000743107680405
0.7784038873177664
0.46822250470800925
0.7784038873177664
0.5000743107680405
0.5000743107680405
0.479979686450864
0.7784038873177664
0.7784038873177664
