1.0734873685835233
1.3065183624235517
1.0734873685835233
1.3651123510828922
1.6041840650479464
1.0766661652397043
1.359234161971161
1.0734873685835233
1.3629005268520895
1.0734873685835233
1.3614815798838114
1.3614815798838114
1.359234161971156
1.0734873685835233
1.360829353144563
1.0734873685835233
1.3629005268520895
1.291948307864466
1.5839420126813062
1.3784178618405583
1.36290052686151
1.291948307864466
1.3629005268520895
1.0734873685835233
1.6069479855152795
1.0734873685835233
1.3614815798838114
1.3614815798838114
1.5672681352433058
1.0734873685835233
1.0734873685835233
