0.8531271017918668
0.6460111422810814
0.8660254037844386
0.8531271017918668
0.8531271017918668
0.8531271017918668
0.8660254037844386
0.8531271017918668
0.8531271017918668
0.8531271017918668
0.7588432633762338
0.7712147880220311
0.8660254037844386
0.8660254037844386
0.8660254037844386
0.8660254037844386
0.8531271017918668
0.656714751431873
0.8531271017918668
0.7183726668281228
0.8660254037844386
0.8531271017918668
0.8660254037844386
0.8470832468191329
0.8531271017918668
0.8531271017918668
0.8660254037844386
0.7241880678472032
0.7437903704252372
0.8200914748012226
0.8660254037844386
