0.08620689655172414
0.20689655172413793
0.27586206896551724
0.10344827586206896
0.05172413793103448
0.08620689655172414
0.05172413793103448
0.10344827586206896
0.06896551724137931
0.034482758620689655
0.0
0.034482758620689655
0.034482758620689655
0.1724137931034483
0.10344827586206896
0.08620689655172414
0.017241379310344827
0.017241379310344827
0.05172413793103448
0.13793103448275862
0.034482758620689655
0.034482758620689655
0.1896551724137931
0.05172413793103448
0.13793103448275862
0.2413793103448276
0.10344827586206896
0.017241379310344827
0.20689655172413793
0.08620689655172414
0.20689655172413793
