0.14194587905346734
0.04069549958101798
0.06856317133353296
0.1140790572236922
0.020666884228347532
0.14194587905346734
0.02921485500111256
0.11472297354590712
0.14168218189269235
0.14023165820329264
0.1235811267428778
0.11451187990638745
0.11292147002395186
0.1157347428498292
0.1421760560557814
0.13643915627755368
0.12515531373649455
0.1204027729241629
0.013343357417285292
0.03435839678028556
0.1393069306512325
0.1400704257179909
0.11591136219469789
0.01768384008797915
0.13885990682579025
0.14548291799813093
0.1421760560557814
0.1387626310553755
0.02925959094565023
0.11511718846524341
0.14441649373359947
