0.8606885499550817
0.5422379539141094
0.5416894574790188
0.7741916934841783
0.4885459754313585
0.8606885499550817
0.5514115503257232
0.7741916934841783
0.4922859150092839
0.4958957592506778
0.5000743107680405
0.7784038873177664
0.4958957592506778
0.7714992326714105
0.8598678796834407
0.7751030820299872
0.49791479579978104
0.46822250470800925
0.4885459754313585
0.5449721554998859
0.4958957592506778
0.7784038873177664
0.484295582937522
0.4940189235136001
0.5449721554998859
0.8564037992097141
0.8598678796834407
0.5549046268679141
0.48375820160683447
0.49069825761233477
0.8567508375378915
