0.2717806392240168
0.9335123097301762
0.8758874011502515
0.9840604812870944
0.8605769230948331
0.8874011497494666
0.8317307692844994
0.8626887474361724
0.986621587333021
0.8761682227256592
0.8806613947470397
0.9300862710138261
0.828125
0.40994561417932174
0.44527316030943775
0.9300862710138261
0.9323890171181826
0.5639827137228468
0.9300862710138261
0.9300862710138261
0.8806613947470397
0.8885244423614602
0.43129940025138824
0.8641826923076923
0.9427008442306191
0.9300862710138261
0.9300862710138261
0.9300862710138261
0.9305805176167429
0.930221062377035
0.984262672882985
