0.2822404602919127
0.23372695530602774
0.1870793408788444
0.28897451350991854
0.18723665143702292
0.23185566304139107
0.23303029924670168
0.29230058908819434
0.23611115390710402
0.2322647963793499
0.2364556977829048
0.29080365179801443
0.2962626852826966
0.2562448846308966
0.2455235204403179
0.29080365179801443
0.231877156626301
0.22812928012321343
0.29080365179801443
0.29080365179801443
0.2364556977829048
0.23370563184461532
0.2455235204403179
0.2406173115278358
0.2331459248529015
0.29080365179801443
0.29080365179801443
0.29080365179801443
0.22897113243380737
0.22722998008902548
0.28844785881748514
