1.2551426385847004
1.2465968394005882
1.340940785225572
1.0946477157369598
1.3085519866621758
1.241916496844991
1.2536884114946885
1.0
1.3819183638963992
1.2436147560163782
1.2528570363367102
1.0511360598804484
1.0
1.1852245441911404
1.2673163970860195
1.0511360598804484
1.2463889696017487
1.3362844904652929
1.0511360598804484
1.0511360598804484
1.2528570363367129
1.2421434540366498
1.2011584782540963
1.2072000022964553
1.2554399324071241
1.0511360598804484
1.0511360598804484
1.0511360598804484
1.474884995890653
1.4581106087747964
1.1058114771143601
