0.10226599348141262
0.10315218011150754
0.09917471121029812
0.10935099006849387
0.10269628946639214
0.09900060894336514
0.11062102648270536
0.11055416035244389
0.10315218011150754
0.09276000245570785
0.11484095722489712
0.10139992370752048
0.1037469763094327
0.10195804464894265
0.10248136731353981
0.10290129446863217
0.11055416035244389
0.09763345597069278
0.10323163725063093
0.10041666704877955
0.09171446754266901
0.09503672021137646
0.10099082238962134
0.1054978678644783
0.10367744737861312
0.11055416035244389
0.11045784678370409
0.10291076276987429
0.10333837400163612
0.0903619266599529
0.097370476803375
