0.6915527094241021
0.6423946429445813
0.6423946429445813
0.6915527094241021
0.6915527094241021
0.6915527094241021
0.8267610316341051
0.8347675739066979
0.6423946429445813
0.591156913903859
0.8267610316341051
0.6915527094241021
0.6915527094241021
0.6423946429445813
0.6915527094241021
0.6915527094241021
0.8347675739066979
0.6915527094241021
0.6915527094241021
0.6915527094241021
0.6234298921456256
0.6306635716851796
0.6913312311653035
0.6915527094241021
0.6423946429445813
0.8347675739066979
0.6859999037731859
0.6915527094241021
0.6915527094241021
0.6915527094241021
0.637733973285713
