1.1222326602745147
1.2286014957865705
1.1450001867588775
1.1222326602745087
1.1222326602745143
1.1934098866144833
1.0819140633794229
1.0
1.2286014957865705
1.1944945814629155
1.0819140633794397
1.1222326602745156
1.1866594459218047
1.1450001867588775
1.1222326602745145
1.1934098866144833
1.0
1.1222326602745194
1.1222326602745138
1.1222326602745165
1.2637541716506466
1.2140140059997229
1.1359321801952416
1.1934098866144833
1.1450001867588775
1.0
1.132998289626943
1.122232660274514
1.1222326602745136
1.122232660274526
1.1795060280967664
