0.11044314326985603
0.08866798713260904
0.110576453555229
0.11045439674081656
0.11045439674081656
0.11028047276897816
0.11490532879368204
0.11045439674081656
0.11047671007499975
0.11461429762772571
0.1104215076658183
0.110576453555229
0.11033352777659976
0.11035454294011433
0.11045439674081656
0.110576453555229
0.08849985507794701
0.1104002640859424
0.10816252446369656
0.11046545887717021
0.11042082315264681
0.11047671007499975
0.0885129855549804
0.11490532879368204
0.11490532879368204
0.0885129855549804
0.11044314326985603
0.11045439674081656
0.11033883690377222
0.11045439674081656
0.11007069155993979
