0.9894179894179894
0.9947089947089947
0.9841269841269842
0.9947089947089947
0.9947089947089947
0.9894179894179894
0.9841269841269842
0.9947089947089947
0.9947089947089947
0.9894179894179894
0.9682539682539683
0.9841269841269842
0.9894179894179894
0.9947089947089947
0.9947089947089947
0.9841269841269842
0.9841269841269842
0.9735449735449735
0.9735449735449735
0.9894179894179894
0.9894179894179894
0.9947089947089947
0.9947089947089947
0.9841269841269842
0.9841269841269842
0.9947089947089947
0.9894179894179894
0.9947089947089947
0.9312169312169313
0.9947089947089947
0.9841269841269842
