0.009523809523809523
0.0031746031746031746
0.015873015873015872
0.0031746031746031746
0.0031746031746031746
0.009523809523809523
0.015873015873015872
0.0031746031746031746
0.0031746031746031746
0.009523809523809523
0.04444444444444444
0.015873015873015872
0.009523809523809523
0.0031746031746031746
0.0031746031746031746
0.015873015873015872
0.006349206349206349
0.03492063492063492
0.019047619047619046
0.009523809523809523
0.009523809523809523
0.0031746031746031746
0.0031746031746031746
0.015873015873015872
0.015873015873015872
0.0031746031746031746
0.009523809523809523
0.0031746031746031746
0.11111111111111112
0.0031746031746031746
0.015873015873015872
