0.09301249421564091
0.3008130081300813
0.0906987505784359
0.1951219512195122
0.17479674796747968
0.14715409532623785
0.15853658536585366
0.1991869918699187
0.13003239241092088
0.18093475242943083
0.11383618695048589
0.11105969458583989
0.17353077279037482
0.15640906987505784
0.18699186991869918
0.15640906987505784
0.16473854696899584
0.17886178861788618
0.18699186991869918
0.1991869918699187
0.17886178861788618
0.1951219512195122
0.16890328551596484
0.15853658536585366
0.13789912077741787
0.22998611753817677
0.14113836186950485
0.11429893567792689
0.11892642295233688
0.1878759833410458
0.12355391022674687
