0.030352940918236596
0.047953624358126695
0.04693384777419567
0.03682147617958736
0.08555651162708454
0.04366346874755128
0.04414453696513362
0.02720702489897773
0.041277941905946164
0.047278226638748595
0.02819726195893373
0.05017464105955458
0.06311521118801178
0.06345947732703955
0.03151319746089475
0.061006207470097065
0.039242400365714754
0.024463158122873828
0.049294916723540846
0.02729411712682539
0.05962453546551185
0.0676688287222883
0.07168751963690266
0.08219521554624545
0.027949613716812375
0.08940738130593191
0.04434083469041015
0.07370690663298353
0.0808934844629562
0.07219887360782677
0.03765110274419173
