0.8479964484975715
0.6454780420085552
0.8390706651166465
0.6864369476642477
0.7281275982588609
0.7973762523372573
0.7351610026974864
0.7003871288134444
0.8098478948695086
0.8090766469904404
0.828527142282066
0.8311230497774668
0.6853647250031039
0.8195863101620373
0.6948755281166878
0.7715770702362276
0.7638119208586811
0.6919447861762283
0.6685402346850863
0.7170630128328123
0.7709807639492406
0.7270346835814494
0.7905554113384724
0.7188067854764618
0.8305606031534633
0.6322878221840987
0.7890354886889915
0.8100924368799449
0.805859979007009
0.7956174309545039
0.76956242028871
