0.031746031746031744
0.09523809523809523
0.015873015873015872
0.031746031746031744
0.07936507936507936
0.047619047619047616
0.047619047619047616
0.015873015873015872
0.015873015873015872
0.3333333333333333
0.015873015873015872
0.015873015873015872
0.047619047619047616
0.047619047619047616
0.25396825396825395
0.015873015873015872
0.015873015873015872
0.09523809523809523
0.047619047619047616
0.031746031746031744
0.047619047619047616
0.015873015873015872
0.07936507936507936
0.047619047619047616
0.2698412698412698
0.047619047619047616
0.047619047619047616
0.015873015873015872
0.015873015873015872
0.06349206349206349
0.047619047619047616
