0.11044533898786442
0.11029280742969959
0.1082279227833417
0.11042082315264681
0.11036615993562929
0.11490532879368204
0.11488387561170774
0.11047671007499975
0.11043341615549872
0.11055416035244389
0.11045439674081656
0.0885129855549804
0.11045451079354342
0.1148624184228614
0.1104272118563033
0.08876173632578684
0.1148093461932782
0.11017916568446254
0.11045451079354342
0.11044314326985603
0.110576453555229
0.11047671007499975
0.11047936123487977
0.110576453555229
0.11042809597945351
0.08907463365334323
0.11019352125820685
0.11045439674081656
0.0886652521190245
0.11042105132733832
0.11023268103318143
