1.2286014957865705
1.1746993171380924
1.2142513861180737
1.1450001867588777
1.324460658071631
1.08191406337944
1.08191406337944
1.1866594459218047
1.1715383305086278
1.0
1.1222326602745087
1.1222326602745278
1.1232706021942036
1.08191406337944
1.1604926081506313
1.1222326602745274
1.100517215308952
1.2443856368657285
1.1232706021942036
1.2233614145051754
1.0819140633794229
1.1866594459218047
1.1913429076373074
1.0819140633794229
1.1621495115074256
1.289448728009061
1.314982307975017
1.1222326602745087
1.1866594459218047
1.1462477968775628
1.3213527002100065
