0.8267610316341051
0.5922469876131142
0.8267610316341051
0.6407609783516208
0.6232682153891551
0.6915527094241021
0.6915527094241021
0.8347675739066979
0.6356298149113286
0.6859999037731859
0.5922469876131142
0.8267610316341051
0.6915527094241021
0.6915527094241021
0.639438418795025
0.6913312311653035
0.6915527094241021
0.5059123862221819
0.6898893693192575
0.6861761745385868
0.8267610316341051
0.6915527094241021
0.6915527094241021
0.8267610316341051
0.6898893693192575
0.45431672996346784
0.6423946429445813
0.8267610316341051
0.6339060766935276
0.6915527094241021
0.8267610316341051
