1.0819140633794229
1.2623449604145673
1.0819140633794229
1.2297614640511392
1.3040160386735073
1.1222326602745087
1.1934098866144833
1.0
1.1875942970776447
1.132998289626943
1.2623449604145673
1.08191406337944
1.1222326602745087
1.1934098866144833
1.2277858136564999
1.2328052098047368
1.1866594459218047
1.3233076020754653
1.1920031096261823
1.1396857157515985
1.0819140633794229
1.1934098866144833
1.1222326602745087
1.0819140633794229
1.1942154982189934
1.3305395931665762
1.2307354097431864
1.0819140633794229
1.297991794901289
1.100517215308952
1.0819140633794229
