0.47019991210284184
0.3879923667209769
0.5365410293663555
0.5245816229241856
0.35218604723439484
0.4038043263097462
0.3932356779721319
0.4656463357929854
0.5365410293663555
0.4668067643273158
0.4668067643273158
0.3525909619101001
0.39359836506812934
0.47267938034258333
0.3880765167508951
0.47267938034258333
0.3867721309863586
0.3896895353309709
0.5365410293663555
0.39359836506812934
0.4021667274076077
0.3880765167508951
0.3896895353309709
0.4021667274076077
0.47267938034258333
0.4608177531612484
0.39359836506812934
0.47019991210284184
0.47019991210284184
0.6524069333552346
0.47267938034258333
