0.12000000000000002
0.1329769147627595
0.15757539064518594
0.06206896551724138
0.03103448275862069
0.020689655172413793
0.020689655172413793
0.14435659406696902
0.15757539064518594
0.138415788414775
0.138415788414775
0.0
0.0
0.041379310344827586
0.020689655172413793
0.12000000000000002
0.0
0.04137931034482759
0.15757539064518594
0.0
0.03103448275862069
0.020689655172413793
0.04137931034482759
0.03103448275862069
0.041379310344827586
0.06206896551724138
0.0
0.12000000000000002
0.12000000000000002
0.06206896551724138
0.041379310344827586
