1.22248201169225
1.3208363194684916
1.1245066338633085
1.2756874315173787
1.5326403749006448
1.2613964282523844
1.3592831829994487
1.2894136684529818
1.129182208450885
1.2174134107865282
1.2889272968610088
1.531739044956088
1.3521786353718357
1.2190203349620108
1.3426249626293707
1.2179826808696166
1.406692614179584
1.3425329805840913
1.2097597875815584
1.3521786353718357
1.3221132123350856
1.4528272955437218
1.3425329805840913
1.3771818016326214
1.2190203349620108
1.329224255615197
1.3521786353718357
1.2224820116922497
1.22248201169225
1.1014470452533016
1.2861767993748583
