0.03631314069380385
0.042884264948175106
5.1873044369410886E-9
5.1873044369410886E-9
0.04240839019095361
0.006482527929791723
5.971035810655612E-9
5.251745471820526E-9
0.02864288579805575
0.004419417382422769
0.04021279281556196
0.019356555097520906
0.006482527929791721
7.780956643334E-9
0.03392175429108369
7.780956643334E-9
7.472239559228052E-9
0.0451605267539778
0.002576941016020567
5.501967213452129E-9
8.838834765174322E-4
0.036905293553612675
0.056036666574301425
0.0624193489177429
5.440490790234231E-9
7.780956643334E-9
0.03392175429108369
0.004419417382422769
0.02168093324644252
0.03350750138509919
0.02553768031080682
