0.23370563184461532
0.2322647963793499
0.29230058908819434
0.29230058908819434
0.23370563184461532
0.2364556977829048
0.29080365179801443
0.29080365179801443
0.231877156626301
0.2962626852826966
0.26343435831201895
0.23728445459567202
0.2364556977829048
0.29645874055557225
0.27502037608383645
0.29645874055557225
0.29080365179801443
0.26179455163875626
0.28844785881748514
0.29080365179801443
0.2928784109263561
0.2322647963793499
0.20118069946198816
0.20014952063840766
0.29080365179801443
0.29645874055557225
0.27502037608383645
0.2962626852826966
0.22837448797855667
0.2322647963793499
0.24338267905270475
