0.1724137931034483
0.0
0.08620689655172414
0.05172413793103448
0.10344827586206896
0.2413793103448276
0.06896551724137931
1.0
0.13793103448275862
0.08620689655172414
0.13793103448275862
0.05172413793103448
0.034482758620689655
0.1724137931034483
0.08620689655172414
0.05172413793103448
0.034482758620689655
0.05172413793103448
0.25862068965517243
0.06896551724137931
0.06896551724137931
0.034482758620689655
0.017241379310344827
0.10344827586206896
0.06896551724137931
0.06896551724137931
0.13793103448275862
0.034482758620689655
0.05172413793103448
0.0
0.08620689655172414
