0.1157347428498292
0.10040659383232972
0.14194587905346734
0.14161040826469698
0.1140790572236922
0.14548291799813093
0.07058539022912541
0.17736946934678882
0.11228001500799475
0.14194587905346734
0.08454463720386896
0.13869459388084684
0.134810158867582
0.15672196454240464
0.11379206018756902
0.017413895705169248
0.1390342947457062
0.14224587244732148
0.14607427296534584
0.08208345286521071
0.11355670492241826
0.11387877816785377
0.1416758874152932
0.1140790572236922
0.11355670492241826
0.02991863758945713
0.01950639396376682
0.11324213700876365
0.14165740524050424
0.10040659383232972
0.14194587905346734
