0.7714992326714105
0.4640173807204233
0.8606885499550817
0.8625860518171717
0.7741916934841783
0.8564037992097141
0.549859457643141
0.6074987216361334
0.48682096218949994
0.8606885499550817
0.48682096218949994
0.46021808406663256
0.7784038873177664
0.6048014385100131
0.7751030820299872
0.4905005755155091
0.7784038873177664
0.4940189235136001
0.8563604095301823
0.40924584807286
0.7761091610496116
0.7784038873177664
0.49791479579978104
0.7741916934841783
0.7761091610496116
0.549859457643141
0.48682096218949994
0.7784038873177664
0.7772095628195398
0.4640173807204233
0.8606885499550817
