1.3207802671837532
1.3635963249608136
1.2212896229997565
1.2271893803606948
1.0925229662777933
1.4334242649576256
1.3671397151912568
1.6712715604079589
1.3671397151912568
1.35363795645001
1.3726256042287264
1.4093407242601361
1.3635963249608154
1.1024981465873351
1.4093407242601361
1.395787665257376
1.2971016011894532
1.3668850488127213
1.3668850488127213
1.4577849796689784
1.2196660493482743
1.3668850488127213
1.3655233326576515
1.0859613608641279
1.2998939053105074
1.4446421954581588
1.4402060503893728
1.0
1.223619362039443
1.3863018472325432
1.2217398072483696
