3.6908318107946887E-9
5.486662678523443E-9
3.690831810794689E-9
0.004377195262184871
5.486662678523443E-9
5.486662678523443E-9
3.6541973376322896E-9
3.125000000481644E-4
3.6908318107946887E-9
3.6908318107946887E-9
0.003265538946834583
0.0032412639648981933
0.0316717257555612
0.030822725167710292
0.023675042222917064
0.024002990354143213
0.004366025894711748
3.12500000022066E-4
0.003093592167696008
0.0032412639648981933
0.003265538946834583
0.0297235018532456
5.486662678523443E-9
0.003874613009167987
0.0032071896619388696
0.025274966723872704
3.667978143440106E-9
0.004480636627773732
3.6908318107946887E-9
0.05910682942256871
0.004843750000003105
