0.9300862710138261
0.9300862710138261
0.9300862710138261
0.9305805176167429
0.9300862710138261
0.9300862710138261
0.9532822631058463
0.984262672882985
0.9300862710138261
0.9300862710138261
0.9341750561214828
0.8806613947470397
0.9418134430671441
0.9339503954527236
0.8885244423614602
0.9429367356791377
0.9844985643315036
0.984262672882985
0.984262672882985
0.8806613947470397
0.9341750561214828
0.6710999212873862
0.9300862710138261
0.9863070654063495
0.8795381021350461
0.5185792289974234
0.8626887474361724
0.9348377966161986
0.9300862710138261
0.8451765814684278
0.9546189812942
