0.29080365179801443
0.29080365179801443
0.29080365179801443
0.22897113243380737
0.29080365179801443
0.29080365179801443
0.23666384827370704
0.28844785881748514
0.29080365179801443
0.29080365179801443
0.2230645348345521
0.2364556977829048
0.2266322935729765
0.22897113243380737
0.23370563184461532
0.2266322935729765
0.22837448797855667
0.28844785881748514
0.28844785881748514
0.2364556977829048
0.2230645348345521
0.24113442836724477
0.29080365179801443
0.2311767817707905
0.23449730912362862
0.2353090618385475
0.29230058908819434
0.23590251574246582
0.29080365179801443
0.19336613702224278
0.2613808847309615
