0.03688636485570879
0.03688636485570879
0.03688636485570879
0.04160793806443154
0.03688636485570879
0.03688636485570879
0.02598293806443154
0.031191271397764873
0.03688636485570879
0.03688636485570879
0.03688636485570879
0.047303031522375465
0.04160793806443154
0.04160793806443154
0.047303031522375465
0.04160793806443154
0.031191271397764873
0.031191271397764873
0.031191271397764873
0.047303031522375465
0.03688636485570879
0.31026848734281043
0.03688636485570879
0.025496177939820952
0.047303031522375465
0.2755353314852394
0.05738400527634364
0.04160793806443154
0.03688636485570879
0.09635416666666667
0.03688636485570879
