1.0522350510663574
1.0522350510663574
1.0522350510663574
1.4962041876253604
1.0522350510663574
1.0522350510663574
1.3086780178278339
1.1105617117771829
1.0522350510663574
1.0522350510663574
1.4087905804295757
1.2582913160774567
1.4778152068811155
1.488313778443734
1.2530140917038366
1.4779204159608381
1.4965577210103975
1.1105617117771858
1.1105617117771767
1.2582913160774567
1.4087905804295757
1.4561510611543265
1.0522350510663574
1.5119900553878622
1.2580915973359614
1.1800227925209987
1.0
1.2792766081970786
1.0522350510663574
1.4117174099756749
1.2863994299979178
