0.1326725141799052
0.13945651313313234
0.12220354262290269
0.11624322646657698
0.13771451140022525
0.10565978357773835
0.12145127076344252
0.1275307042003754
0.1221709150410936
0.12495070174886275
0.1355354915587339
0.08873716533240787
0.12083998895851476
0.08413638934373095
0.11334631422035275
0.1348853267442639
0.11496464685769685
0.13293065836171114
0.12426740942798656
0.1215318659760541
0.10875981039458285
0.10565978357773835
0.10653195845759342
0.11578503641782277
0.10272695082317179
0.11288990630889975
0.12817438820206584
0.12753070420037538
0.1269655095258887
0.1270996936030382
0.12505324560013475
