0.5531988173451454
0.548990968186072
0.5442620322560635
0.4383930781253888
0.5542346416769278
0.38335745288787665
0.5409176943400066
0.5442166071600837
0.5409176943400066
0.5442166071600837
0.6055429213843428
0.38994213667115285
0.3901572832552002
0.38994213667115285
0.3879714211017584
0.5542346416769278
0.548990968186072
0.5542346416769278
0.5442166071600837
0.5409176943400066
0.5441166586001245
0.38335745288787665
0.3901572832552002
0.43670130735256046
0.38054924336220336
0.38705680390372604
0.5522684955539149
0.5442166071600837
0.548990968186072
0.5442166071600837
0.5440712213667407
