0.028301886792452827
0.11666666666666665
0.040880503144654086
0.03459119496855346
0.018867924528301886
0.03459119496855346
0.025157232704402514
0.009433962264150943
0.025157232704402514
0.009433962264150943
0.12722855304613698
0.03773584905660378
0.022012578616352207
0.03773584905660378
0.03459119496855346
0.018867924528301886
0.11666666666666665
0.018867924528301886
0.009433962264150943
0.025157232704402514
0.015723270440251572
0.03459119496855346
0.022012578616352207
0.0440251572327044
0.03459119496855346
0.0440251572327044
0.03773584905660378
0.009433962264150943
0.11666666666666665
0.009433962264150943
0.022012578616352207
