1.1678500790787367
1.1684003100453344
1.254263572601187
1.4561628086840739
1.1612690593273816
1.5554302615303934
1.2703572720776144
1.3410884521159359
1.3204129347652658
1.3232916461296744
1.1138487754870325
1.2740634156786859
1.4723976236151632
1.2740634156786859
1.3801597928301672
1.1587184636148302
1.177174607744273
1.117919260319447
1.3232916461296744
1.3204129347652656
1.1923991121267306
1.5554302615303934
1.3708271260407423
1.4115313421112976
1.4756311394276955
1.4270587470889737
1.1235534390693136
1.3410884521159359
1.1684003100453344
1.340397601148272
1.358634461440912
