0.4383930781253888
0.3770753509473408
0.548990968186072
0.3901572832552002
0.4918213095450849
0.5451951636155757
0.38705680390372604
0.380078914076417
0.6628226995655305
0.5542346416769278
0.5507264376221863
0.5501155945265926
0.3831149862675507
0.4383930781253888
0.4982351008368966
0.483701616889727
0.5442620322560635
0.548990968186072
0.5501155945265926
0.438576003206471
0.380078914076417
0.4857010074635429
0.5441166586001245
0.5501155945265926
0.5440712213667407
0.3879714211017584
0.5442166071600837
0.42783329380728924
0.6055429213843428
0.4828831600243033
0.6706611833329982
