1.1395582685950627
1.2033825964847737
1.0
1.326685578923387
1.0
1.1655475434852087
1.3203448653679473
1.3296982445128391
1.056689120811754
1.1202695948357537
1.0691598755818819
1.0
1.3670242893851037
1.4073217363827304
1.070871257107353
1.217682425565887
1.2314545506140886
1.164229540125992
1.0
1.145050886568829
1.3296982445128391
1.305448073730173
1.221184846201923
1.0
1.2775758880911796
1.3210341346390737
1.283762661844348
1.14098446658967
1.1116123164500251
1.176155810806041
1.0536708194580569
