0.06720967754420615
0.0674547416953154
0.08860183031821067
0.07126124418329058
0.06008463082704098
0.06008463082704098
0.060125880777812786
0.06008463082704098
0.06077126408321127
0.07263727315961056
0.06008463082704098
0.06597070294963064
0.05964204289457054
0.0677049612700979
0.06008463082704098
0.0674547416953154
0.07874143290834476
0.07979165349642096
0.06008463082704098
0.06915143327019269
0.07032893598092008
0.05180141770381422
0.06989787840315839
0.06573224312233
0.06938410156416341
0.06008463082704098
0.06938410156416341
0.06747924097309994
0.0830255569674541
0.06445968304288968
0.0681846496063328
