0.9965367965367965
0.9965367965367965
0.9523809523809523
0.9965367965367965
0.9965367965367965
0.9965367965367965
0.9948051948051948
0.9965367965367965
0.9956709956709957
0.9965367965367965
0.9965367965367965
0.9965367965367965
0.8147186147186147
0.9956709956709957
0.9965367965367965
0.9965367965367965
0.9965367965367965
0.9948051948051948
0.9965367965367965
0.9956709956709957
0.9965367965367965
0.8874458874458874
0.9965367965367965
0.8173160173160173
0.9965367965367965
0.9965367965367965
0.9965367965367965
0.9948051948051948
0.9965367965367965
0.9956709956709957
0.9965367965367965
