1.180449098801104
1.1804490988011038
1.0
1.180449098801102
1.3151007342277652
1.3151007342277652
1.317101034357956
1.3151007342277652
1.1813627404610325
1.1804490988011014
1.3151007342277652
1.1804490988011045
1.3647373477741336
1.1813627404610325
1.3151007342277652
1.1804490988011038
1.1804490988010985
1.182359203045407
1.3151007342277652
1.1813627404610325
1.1804490988011025
1.4688156863641282
1.315100734227765
1.4729923586964868
1.180449098801103
1.3151007342277652
1.180449098801103
1.1823592030454013
1.1804490988010972
1.1813627404610325
1.1804490988011036
