0.055786500363314416
0.05778138892623726
0.07342356981402137
0.05734893557234498
0.025006007196474257
0.05656639956056985
0.057038713904434026
0.026508721895452805
0.07480552396826455
0.056204616166975266
0.025506581083170863
0.01922682414912137
0.05765300664946724
0.05744253869429225
0.02647772546651152
0.0399076155492149
0.025638754845934256
0.03919781436449766
0.025275461709672226
0.0426314606266249
0.05588514217082851
0.04730996044327747
0.026577235373821326
0.011150428144228855
0.0748532444950471
0.07488550080969482
0.057809796233744014
0.036533648439746075
0.025390654848868675
0.05962132114021808
0.05550397270609105
