0.9482758620689655
0.9137931034482758
0.9482758620689655
0.9551724137931035
0.9793103448275862
0.9896551724137931
1.0
0.9172413793103449
0.9758620689655173
0.9482758620689655
0.9793103448275862
0.7724137931034484
0.9827586206896551
0.993103448275862
0.9137931034482759
0.8
0.9793103448275862
0.9724137931034482
1.0
0.9655172413793104
0.9896551724137931
0.9655172413793104
0.9793103448275862
0.9896551724137931
0.9551724137931035
0.8
0.9758620689655173
0.9482758620689655
0.9793103448275862
0.9413793103448276
0.993103448275862
