0.38475318304932504
0.5466864990701016
0.4021667274076077
0.3718752832362683
0.47267938034258333
0.3932356779721319
0.40749768927509483
0.3879923667209769
0.3914686547916041
0.4021667274076077
0.47267938034258333
0.3896895353309709
0.47267938034258333
0.3932356779721318
0.4002725661414603
0.47019991210284184
0.47267938034258333
0.3789440495461501
0.39359836506812934
0.4488770092071559
0.3932356779721319
0.47019991210284184
0.47267938034258333
0.3932356779721319
0.47019991210284184
0.47267938034258333
0.3944433380650209
0.38640303667754305
0.47267938034258333
0.3879923667209769
0.3932356779721318
