1.3489723460300853
1.3205075753114894
1.3887146270861037
1.5621089076571446
1.318820753610042
1.3957630364711384
1.3871469549001587
1.4799208305796945
1.4886731155280064
1.368202513077177
1.3320787437187744
1.359150461769184
1.3855526938728124
1.3904125355506205
1.524870568114055
1.2271893803606948
1.292231849348397
1.501181968007546
1.4123582056816095
1.4965057702474276
1.4093407242601357
1.326425780280275
1.3314711476862133
1.4093407242601277
1.4256188724361025
1.2994845613823363
1.4585950857639145
1.4446421954581585
1.292231849348397
1.4528286892579099
1.3955629385587247
