0.22110832070488734
0.22110832070488734
0.2294720620154188
0.22110832070488734
0.22906797024567838
0.21950886121968557
0.22003968395842352
0.2212866124256521
0.22033680174376047
0.17766707511827262
0.22110832070488734
0.22110832070488734
0.22110832070488734
0.1767766952966369
0.17924515772917066
0.17782834820843757
0.21940035282689688
0.2153098556001942
0.22003968395842352
0.22110832070488734
0.22110832070488734
0.22110832070488734
0.17085492001175628
0.14356446024698052
0.17777170131856956
0.1591148675149966
0.22110832070488734
0.09513252253935021
0.21467950429184468
0.22110832070488734
0.22985355594205598
