0.8347675739066979
0.8347675739066979
0.6913312311653035
0.8347675739066979
0.5922469876131142
0.6898893693192575
0.6423946429445813
0.8267610316341051
0.6859999037731859
0.6913312311653035
0.8347675739066979
0.8347675739066979
0.8347675739066979
0.6915527094241021
0.6915527094241021
0.6773556136139905
0.5059123862221819
0.4948856607457753
0.6423946429445813
0.8347675739066979
0.8347675739066979
0.8347675739066979
0.44355246378130087
0.5059123862221819
0.6915527094241021
0.6423946429445813
0.8347675739066979
0.4601137001133503
0.4948856607457753
0.8347675739066979
0.8405785818003716
