0.05004267712849999
0.04383957387239108
0.04164863441644925
0.05606253796254115
0.06953330039639764
0.049338606699558245
0.04384972157039187
0.03671723204279651
0.030424906202211235
0.046116270315223806
0.04992899655068902
0.024938329636185474
0.04493936514456485
0.049247431759231824
0.04631423866593498
0.041076617492985926
0.04728744107609895
0.03654304293689225
0.048953212160900546
0.04673604270885907
0.04013171770276606
0.042958341595282355
0.04984924100855159
0.03144177900663412
0.035243546485895574
0.038325948010743044
0.05145189371253836
0.052125701194966324
0.04865092452609913
0.039791510792311274
0.03164451187900414
