1.4227823249643927
1.4490877310345618
1.365258909075346
1.554573253075856
1.3900042501012702
1.454257142802564
1.44476026931917
1.4454729754024294
1.2236193620394349
1.4093407242601361
1.5250123097072368
1.2225398210152454
1.2998939053105074
1.5458430566786312
1.292231849348397
1.3957630364711384
1.4783948691162898
1.4049951205986158
1.461136944220744
1.4054926064400741
1.2672789839664804
1.2993076823485923
1.3957630364711384
1.2752654979052847
1.2574020350585806
1.4075303406441615
1.4049951205986158
1.4896331652989652
1.299893905310507
1.3819028600230048
1.3635963249608136
