0.21818181818181817
0.047619047619047616
0.2
0.047619047619047616
0.18181818181818182
0.23636363636363636
0.18181818181818182
0.047619047619047616
0.047619047619047616
0.047619047619047616
0.047619047619047616
0.047619047619047616
0.047619047619047616
0.14545454545454545
0.10909090909090909
0.047619047619047616
0.18181818181818182
0.047619047619047616
0.10909090909090909
0.047619047619047616
0.10909090909090909
0.047619047619047616
0.10909090909090909
0.047619047619047616
0.07272727272727272
0.10909090909090909
0.21818181818181817
0.047619047619047616
0.18181818181818182
0.9523809523809523
0.047619047619047616
