0.1765680075298693
0.17720366063642115
0.04094311718061197
0.17720366063642115
0.0735917393431622
0.15662889384780135
0.0785669431764843
0.07782059859216896
0.07435067464303635
0.07435067464303635
0.05319904587603854
0.175707468815583
0.175707468815583
0.139711898540973
0.040419648022152165
0.17720366063642115
0.0762369370456619
0.17570784509800358
0.050324220135893924
0.175707468815583
0.039609639715656064
0.07435067464303635
0.14011131687734227
0.17574509306969266
0.07071067864549035
0.07939419693310681
0.07708692954898418
0.175707468815583
0.043630278985522075
0.11454198355842733
0.07435067464303635
