0.7445887445887446
0.9523809523809523
0.8
0.9523809523809523
0.8121212121212121
0.7272727272727273
0.8147186147186147
0.9965367965367965
0.9965367965367965
0.9965367965367965
0.9965367965367965
0.9965367965367965
0.9965367965367965
0.8519480519480519
0.8874458874458874
0.9523809523809523
0.7792207792207791
0.9956709956709957
0.8865800865800866
0.9965367965367965
0.8865800865800866
0.9965367965367965
0.8857142857142857
0.9878787878787879
0.9272727272727272
0.8874458874458874
0.7783549783549784
0.9965367965367965
0.8147186147186147
0.036363636363636404
0.9965367965367965
