0.14863766850017912
0.023809523809523808
0.13181818181818183
0.023809523809523808
0.12219996563340473
0.16197515686015604
0.12219996563340473
0.011904761904761904
0.011904761904761904
0.011904761904761904
0.011904761904761904
0.011904761904761904
0.011904761904761904
0.09635888528715805
0.07200941750488951
0.023809523809523808
0.12219996563340473
0.01645021645021645
0.07200941750488951
0.011904761904761904
0.07200941750488951
0.011904761904761904
0.07200941750488951
0.023809523809523808
0.03636363636363636
0.07200941750488951
0.14863766850017912
0.011904761904761904
0.12219996563340473
0.7206841237809181
0.011904761904761904
