1.2021330310808607
1.0
1.113280087328058
1.0
1.1248265250968612
1.2298857865353174
1.3418339036438909
1.1748410257004804
1.1748410257004807
1.1748410257004807
1.223589414980241
1.1748410257004764
1.1748410257004764
1.24508990050496
1.2174552376815382
1.0
1.1999625959446458
1.1757262728200593
1.3609697847177924
1.1748410257004764
1.0411816512294092
1.1748410257004807
1.4108691601519083
1.1871726822735487
1.0
1.3928818207398734
1.0319734719965348
1.1748410257004764
1.0354557318307958
1.3055355867483034
1.1748410257004807
