0.030005087503610146
0.05455303011844661
0.12530191008709315
0.05442950415800787
0.10609597559820719
0.0513030771357344
0.05278953060849302
0.0322291560833898
0.12477418019359217
0.0513030771357344
0.12530191008709315
0.12530191008709315
0.09934884157425675
0.12415192044230787
0.09973747138285508
0.12573646877722008
0.030126335441827523
0.12530191008709315
0.04005149925927236
0.03201589565757639
0.12530191008709315
0.0513030771357344
0.10008685108907973
0.12478053862619166
0.05000000037252903
0.12530191008709315
0.12477404772280078
0.12530191008709315
0.12530191008709315
0.12317903576390331
0.12477457760512246
