0.9904761904761905
0.7090909090909091
0.9523809523809523
0.7792207792207791
0.9523809523809523
0.9965367965367965
0.800865800865801
0.9965367965367965
0.9956709956709957
0.9965367965367965
0.9523809523809523
0.9523809523809523
0.9956709956709957
0.883982683982684
0.883982683982684
0.7619047619047619
0.9965367965367965
0.9523809523809523
0.8857142857142857
0.9913419913419913
0.9523809523809523
0.9965367965367965
0.9965367965367965
0.9904761904761905
0.9272727272727272
0.9523809523809523
0.9965367965367965
0.9523809523809523
0.9523809523809523
0.9948051948051948
0.9948051948051948
