1.0727337679212259
1.3279418383836037
1.0758799665498875
1.3539916740587183
1.3562352742423314
1.0727337679212259
1.0727337679212259
1.359373681777363
1.3539916740587183
1.284208711963325
1.5700167324610057
1.353991674058717
1.3539916740587183
1.448609312285741
1.0
1.5600958376890317
1.3539916740587183
1.0727337679212259
1.0
1.2889544268424316
1.0727337679212259
1.3607583289061664
1.3479534534777862
1.321196538093818
1.377112957842581
1.0727337679212259
1.355381220425624
1.3010450890939653
1.3376676673745358
1.36451349947906
1.3675756469932996
