0.9303446261682242
0.9300862710138261
0.9844985643315036
0.8761682227256592
0.8626887474361724
0.9300862710138261
0.8606555535776728
0.8626887474361724
0.25948058621486547
0.8323710460733358
0.39525296550282923
0.9300862710138261
0.4717828819727743
0.9323890171181826
0.5096153542399406
0.828125
0.8605769230948331
0.8626887474361724
0.8761682242990654
0.8761682242990654
0.9350736880647172
0.8806613947470397
0.9844985643315036
0.6214054873565347
0.835572430112926
0.8834134615384615
0.8806613947470397
0.8806613947470397
0.3637221379447956
0.8761682242990654
0.8657777677929547
