0.23182472666771992
0.29080365179801443
0.22837448797855667
0.2322647963793499
0.29230058908819434
0.29080365179801443
0.20118069946198816
0.29230058908819434
0.2990296193631655
0.18754854680064617
0.26826541230524287
0.29080365179801443
0.2728493424163767
0.231877156626301
0.27616297062326883
0.2962626852826966
0.23145344778595833
0.29230058908819434
0.29645874055557225
0.29645874055557225
0.22897113243380737
0.2364556977829048
0.22837448797855667
0.20617791663370466
0.18754854680064617
0.23909050322395406
0.2364556977829048
0.2364556977829048
0.2760791470403838
0.23728445459567202
0.20014952063840766
