0.04160793806443154
0.03688636485570879
0.031191271397764873
0.06169341081088112
0.05738400527634364
0.03688636485570879
0.0703125
0.05738400527634364
0.501028242247752
0.09635416666666667
0.41287029563496097
0.03688636485570879
0.30884908715353143
0.050303223894993275
0.2755353314852394
0.09635416666666667
0.0703125
0.05738400527634364
0.047303031522375465
0.047303031522375465
0.04160793806443154
0.047303031522375465
0.031191271397764873
0.2165781912826827
0.09635416666666667
0.059895833333333336
0.047303031522375465
0.047303031522375465
0.4456579370261739
0.047303031522375465
0.0703125
