0.11075463763560624
0.10258888467231152
0.09023984251893692
0.10650088825814047
0.10639732415769088
0.09638338546846828
0.11059874226441076
0.09431873778984247
0.09437530879344695
0.10072524835530153
0.10565930627321832
0.11408727194435946
0.097859025891808
0.10194207957056703
0.09134607507229983
0.09453559755279825
0.10175892713703119
0.09469068757755084
0.10404840287141967
0.09608669582657463
0.08588099912515888
0.11055416035244389
0.09996686476736638
0.10558221077295755
0.10218885363191013
0.10534374463214237
0.10534374463214237
0.10534374463214237
0.11055416035244389
0.1029945468018962
0.09534737509931299
