1.0819140633794229
1.1222326602745143
1.122232660274526
1.1866594459218047
1.1866594459218047
1.1222326602745205
1.0819140633794229
1.182143992793141
1.242351535184849
1.2623449604145673
1.1222326602745112
1.0819140633794362
1.1222326602745192
1.1222326602745152
1.321365742045832
1.122232660274522
1.2995222907168207
1.2200119161624883
1.219147698915548
1.1359321801952416
1.3789923129143375
1.0
1.2233614145051754
1.1934098866144833
1.2286014957865705
1.1866594459218047
1.1866594459218047
1.1866594459218047
1.0
1.2233614145051754
1.2710549128632467
