0.22433156256073253
0.06828859004663267
0.20746283550136835
0.06828859004663267
0.023255813953488372
0.023255813953488372
0.023255813953488372
0.03488372093023256
0.0
0.023255813953488372
0.023255813953488372
0.0
0.0
0.0
0.023255813953488372
0.0
0.07668249811068627
0.023255813953488372
0.06828859004663267
0.023255813953488372
0.023255813953488372
0.023255813953488372
0.023255813953488372
0.023255813953488372
0.023255813953488372
0.0
0.06828859004663267
0.2113369980911663
0.22160274360892174
0.0
0.0
