0.047619047619047616
0.10909090909090909
0.047619047619047616
0.047619047619047616
0.10909090909090909
0.047619047619047616
0.2727272727272727
0.047619047619047616
0.09090909090909091
0.2727272727272727
0.047619047619047616
0.07272727272727272
0.07272727272727272
0.047619047619047616
0.047619047619047616
0.14545454545454545
0.10909090909090909
0.047619047619047616
0.10909090909090909
0.047619047619047616
0.047619047619047616
0.2
0.18181818181818182
0.047619047619047616
0.10909090909090909
0.18181818181818182
0.047619047619047616
0.2909090909090909
0.2727272727272727
0.10909090909090909
0.047619047619047616
