0.11985900207044299
0.11257210997169005
0.17720366063642115
0.11988713099818243
0.11257210997169005
0.11988713099818243
0.07615773154779361
0.17720366063642115
0.07075741406208783
0.12075621927369454
0.13492173469775293
0.07071067864549035
0.07071067864549035
0.17720366063642115
0.11985900207044299
0.14432500826639344
0.07293156285467622
0.14888857286912274
0.10251332545011944
0.17720366063642115
0.13495848194619978
0.13678325781256187
0.12860149349969408
0.11985900207044299
0.03635653661880677
0.11611859238626662
0.13490948339063066
0.04692617729692542
0.12589740092667584
0.11059876726140733
0.1221878997964254
