0.9965367965367965
0.8865800865800866
0.9523809523809523
0.9956709956709957
0.8865800865800866
0.9956709956709957
0.7272727272727273
0.9523809523809523
0.9090909090909091
0.722943722943723
0.9956709956709957
0.9272727272727272
0.9272727272727272
0.9523809523809523
0.9965367965367965
0.8138528138528137
0.8484848484848484
0.9523809523809523
0.8874458874458874
0.9523809523809523
0.9948051948051948
0.7965367965367965
0.7792207792207791
0.9965367965367965
0.8484848484848484
0.8138528138528138
0.9965367965367965
0.7090909090909091
0.6926406926406926
0.8874458874458874
0.9861471861471861
