0.4959322532385749
0.4868847143483347
0.883153230911587
0.4942211902845293
0.4868847143483347
0.4942211902845293
0.5677506906823053
0.883153230911587
0.5746234301171995
0.561012153381677
0.5746234301171995
0.5760957397131915
0.5760957397131915
0.883153230911587
0.4959322532385749
0.7655437682802724
0.4868847143483347
0.7747723131254867
0.48486986668704113
0.883153230911587
0.5732915146937215
0.5677506906823053
0.48227991368986545
0.4959322532385749
0.4868847143483347
0.47919054770470876
0.5760957397131915
0.4863407367257901
0.5511943554064168
0.4781127634742964
0.4863407367257901
