0.011904761904761904
0.07200941750488951
0.023809523809523808
0.01645021645021645
0.07200941750488951
0.01645021645021645
0.18636363636363634
0.023809523809523808
0.05
0.18879283629881852
0.01645021645021645
0.03636363636363636
0.03636363636363636
0.023809523809523808
0.011904761904761904
0.09635888528715805
0.07200941750488951
0.023809523809523808
0.07200941750488951
0.023809523809523808
0.020995670995670995
0.1353700403947316
0.12219996563340473
0.011904761904761904
0.07200941750488951
0.12219996563340473
0.011904761904761904
0.19999999999999998
0.18879283629881852
0.07200941750488951
0.023809523809523808
