0.10196982604742967
0.09995301513098123
0.02360198129817802
0.08072742379560513
0.07886804819683821
0.09977202314828165
0.09995301513098123
0.10373523418269887
0.10025694695198557
0.00873197151397691
0.0992885632441725
0.010023753002585263
0.022249317210194297
0.10021151234177993
0.1004612667244988
0.12160302736009193
0.0995907022388553
0.09945017694870982
0.07992465355878885
0.0990741263949764
0.0990741263949764
0.09912728578528787
0.09954527408903173
0.09858799795867046
0.0995578811564243
0.11693699410064136
0.09966172274861863
0.09984559424022865
0.07999555693072087
0.010023753002585263
0.09977202314828165
