0.41787142522243714
0.7784038873177664
0.5000743107680405
0.4940189235136001
0.4763272339152174
0.7784038873177664
0.7784038873177664
0.8564037992097141
0.4940189235136001
0.4958957592506778
0.5549046268679141
0.5000743107680405
0.5000743107680405
0.48694612434789014
0.5530936675517877
0.5261418157172842
0.7784038873177664
0.5000743107680405
0.5549046268679141
0.5000743107680405
0.5000743107680405
0.5000743107680405
0.4958957592506778
0.5000743107680405
0.5000743107680405
0.46021808406663256
0.4958957592506778
0.5000743107680405
0.5000743107680405
0.5000743107680405
0.7784038873177664
