0.0015949501060631647
1.5625000004829942E-4
1.5625000004829893E-4
0.002198632387420663
1.5625000004829893E-4
0.0012768840155461883
2.6033602456508263E-9
0.022400886584015255
3.8850711219559295E-9
3.875319150057076E-9
3.8850711219559295E-9
1.5625000004802992E-4
0.001564036313782689
0.01722375627131393
3.8850711219559295E-9
3.8850711219559295E-9
0.0019373065045837933
3.8850711219559295E-9
3.874234082402104E-9
3.8850711219559295E-9
1.562500000482995E-4
0.0027747262271960523
1.5625000004829893E-4
3.8850711219559295E-9
2.6098122016319516E-9
1.5625000004829893E-4
0.0015562119162668502
1.562500000481644E-4
2.6098122016319516E-9
0.0021930732574437658
3.8796563860670685E-9
