0.22837448797855667
0.28844785881748514
0.28844785881748514
0.28897451350991854
0.28844785881748514
0.24282144825842641
0.23605370207483092
0.23123282999582026
0.29080365179801443
0.23605370207483092
0.29080365179801443
0.28844785881748514
0.22837448797855667
0.23370563184461532
0.29080365179801443
0.29080365179801443
0.231799765414866
0.29080365179801443
0.29080365179801443
0.29080365179801443
0.28844785881748514
0.22897113243380737
0.28844785881748514
0.29080365179801443
0.29080365179801443
0.28844785881748514
0.2283150893466238
0.28844785881748514
0.2903073148967722
0.23611115390710402
0.29080365179801443
