1.5126562044278296
1.1129010233196819
1.1129010233196819
1.1009892712302223
1.1129010233196819
1.244674399237028
1.4192052883355117
1.2759568661394223
1.0527762628061494
1.4192052883355117
1.0527762628061494
1.1129010233196819
1.51265620442783
1.3728531838312101
1.0527762628061494
1.0527762628061494
1.4267848259538518
1.0527762628061494
1.0527762628061494
1.0527762628061494
1.1129010233196819
1.5042380105999975
1.1129010233196819
1.0527762628061494
1.0527762628061494
1.1129010233196819
1.5103107755759608
1.1129010233196819
1.1006578796190125
1.4220874099998044
1.0527762628061494
