0.8484848484848484
0.7792207792207791
0.9965367965367965
0.9948051948051948
0.9523809523809523
0.9965367965367965
0.8874458874458874
0.8865800865800866
0.9965367965367965
0.9523809523809523
0.8865800865800866
0.9956709956709957
0.9523809523809523
0.8138528138528137
0.04155844155844161
0.9965367965367965
0.9965367965367965
0.9523809523809523
0.9965367965367965
0.8173160173160173
0.9965367965367965
0.8857142857142857
0.9523809523809523
0.9523809523809523
0.9965367965367965
0.9965367965367965
0.9523809523809523
0.8865800865800866
0.9965367965367965
0.9523809523809523
0.8874458874458874
