0.10874595094863489
0.17769551133734382
0.18292682926829268
0.13234613604812587
0.1050439611291069
0.12401665895418787
0.25203252032520324
0.26422764227642276
0.1263304025913929
0.14669134659879685
0.25203252032520324
0.12601626016260162
0.2682926829268293
0.13975011568718185
0.34959349593495936
0.15085608514576584
0.12031466913465988
0.13882461823229986
0.25609756097560976
0.12447940768162888
0.13821138211382114
0.35365853658536583
0.15040650406504066
0.27235772357723576
0.1991869918699187
0.17479674796747968
0.14807959278111985
0.15853658536585366
0.23983739837398374
0.11892642295233688
0.12601626016260162
