0.8382712008517585
0.6958762692670888
0.7565772395345426
0.8112210923127279
0.8344563454889524
0.7691561043329083
0.6209410728998546
0.659505347945659
0.852330485359458
0.7969586498271275
0.6109035639176383
0.7878391139302415
0.5840791864651641
0.776970162112542
0.5837029679875697
0.8146258695349563
0.7759825886088568
0.766656132549294
0.6516762414269214
0.7758678419731906
0.7792387595324357
0.5622961366124536
0.7748953172086094
0.6104652693912409
0.6974168839328374
0.6961339789242409
0.755427892085492
0.779551020868839
0.6419698047049882
0.8130231788204045
0.7930309289210431
