0.4690397019705778
0.3607526091945721
0.43652408078716115
0.42325336583380874
0.427315793796791
0.45437530965349615
0.39324432864445197
0.3885350638651728
0.4019193869101914
0.3497625296481184
0.47283965107582543
0.4152616948229557
0.4221788621087626
0.38334359167402693
0.4300007895852369
0.40866650259377707
0.49210280598693107
0.35727044685266596
0.442934703020474
0.435766236960138
0.3409213903282798
0.46978871243754033
0.4762376765711549
0.40698490738474075
0.3584899021213595
0.4674589854915241
0.35240474507889746
0.3943570446567562
0.4332848648387632
0.444998812273211
0.3606710117448071
