0.07439207394776821
0.15094231362046331
0.11187607410734701
0.09032003744825916
0.07512053935517461
0.10700544829665566
0.19636665250786609
0.17904123703584732
0.0767431994634722
0.1090000589208268
0.20284060615023766
0.09518504125908565
0.22198367174278757
0.10634629981408127
0.24508535942273837
0.09488839328855549
0.10326712363507007
0.11046651115612356
0.1808121325952071
0.10390466710490893
0.09927889790587052
0.25454048170951027
0.10108319392564859
0.20561546598722247
0.14622877728894487
0.14717349014419553
0.12220488378677413
0.09833505040591771
0.18211699786240487
0.08639952047888781
0.0930620181088214
