1.3329400279442798
1.5111610879296704
1.4440231925447946
1.4302508724336644
1.5385270500852457
1.5049074165952776
1.5452110863956454
1.380325659209442
1.3974154679472897
1.4323285466481421
1.3305918269720838
1.4191347719641076
1.5123493303139703
1.380925326827357
1.395752437109751
1.1994258529462143
1.339384009070514
1.498555869563382
1.4225595024575066
1.5420155109539642
1.5479583180212553
1.377460321621795
1.0665255994397804
1.5515648760746212
1.5914235625041495
1.3273168864544866
1.5570450903346071
1.5293016660235872
1.2429878976751088
1.2715590629186067
1.2829171460420372
