0.8141345313608418
0.8660254037844386
0.8660254037844386
0.8531271017918668
0.8660254037844386
0.8531271017918668
0.8660254037844386
0.5981539465232689
0.8531271017918668
0.8531271017918668
0.8531271017918668
0.8660254037844386
0.7437903704252372
0.8660254037844386
0.8660254037844386
0.7712147880220311
0.7241880678472032
0.8660254037844386
0.8470832468191329
0.8470832468191329
0.8660254037844386
0.5696035528162628
0.8531271017918668
0.8531271017918668
0.8200914748012226
0.7712147880220311
0.8660254037844386
0.718255650557698
0.8141345313608418
0.8531271017918668
0.7304935855525742
