0.20131882183896738
0.16080893871281127
0.22110832070488734
0.19722189245162916
0.22110832070488734
0.16002016605869065
0.2297417048539597
0.17434683632569004
0.16719494064970936
0.21216984622593452
0.14356446024698052
0.2212866124256521
0.22110832070488734
0.1767766952966369
0.22110832070488734
0.14356446024698052
0.17958430995808844
0.17473388486016908
0.1605894393561648
0.2153098556001942
0.11966340765382177
0.1605894393561648
0.21125076070311913
0.22110832070488734
0.1671949406497093
0.22985355594205598
0.17943458067843493
0.22030912758039917
0.22000060620022277
0.22110832070488734
0.22110832070488734
