0.6289261944757497
0.6234298921456256
0.8347675739066979
0.6352302240403951
0.8347675739066979
0.6361576658788338
0.6915527094241021
0.6234298921456256
0.6339060766935276
0.4948856607457753
0.5059123862221819
0.8267610316341051
0.8347675739066979
0.6915527094241021
0.8347675739066979
0.5059123862221819
0.6374031355390707
0.6339060766935276
0.6423946429445813
0.4948856607457753
0.4823242529011478
0.6423946429445813
0.48130978456808754
0.8347675739066979
0.6339060766935276
0.8405785818003716
0.6913312311653035
0.6915527094241021
0.5922469876131142
0.8347675739066979
0.8347675739066979
