0.07413450309829796
0.09015131659240326
0.08610434925668821
0.08074978949832506
0.09009438515694525
0.08935513753727627
0.07468278178099985
0.08757834420566683
0.10248453342298325
0.08782153136357555
0.08919385436266236
0.07040890939706838
0.08874739514621398
0.0845572967451892
0.09006645353337918
0.08597191326676273
0.08895584788542375
0.08597597206669166
0.08901969525696769
0.08983474400796401
0.08997379197012641
0.08945536961996282
0.09035388559404112
0.09162316202423454
0.09429838581797152
0.08597597206669166
0.08908445503692297
0.08765304939470644
0.08618516809441613
0.0862129679089259
0.10106584262452968
