0.38835053459870944
0.5442166071600837
0.5442166071600837
0.4383930781253888
0.5442166071600837
0.5441166586001245
0.38335745288787665
0.5442166071600837
0.6632104878729521
0.5441166586001245
0.5409176943400066
0.37385120342073996
0.5442166071600837
0.5424734564281056
0.5442166071600837
0.5409176943400066
0.5442166071600837
0.5441166586001245
0.5441166586001245
0.5442166071600837
0.5442166071600837
0.5409176943400066
0.5442166071600837
0.5531988173451454
0.548990968186072
0.5441166586001245
0.5441166586001245
0.5410639274978926
0.5442166071600837
0.5409176943400066
0.5542346416769278
