0.022012578616352207
0.009433962264150943
0.009433962264150943
0.03459119496855346
0.009433962264150943
0.015723270440251572
0.03459119496855346
0.009433962264150943
0.165034413561403
0.015723270440251572
0.025157232704402514
0.031446540880503145
0.009433962264150943
0.009433962264150943
0.009433962264150943
0.025157232704402514
0.009433962264150943
0.015723270440251572
0.015723270440251572
0.009433962264150943
0.009433962264150943
0.025157232704402514
0.009433962264150943
0.028301886792452827
0.11666666666666665
0.015723270440251572
0.015723270440251572
0.05031446540880503
0.009433962264150943
0.025157232704402514
0.018867924528301886
