1.4270541483225463
1.3657182700455135
1.2631712590856417
1.4683498594161868
1.3673361965578834
1.3901186074608323
1.6014014330434112
1.3197051424949997
1.0582487832944136
1.3693180627005994
1.3668513905251585
1.4302049711823517
1.3500494530809979
1.31348768342951
1.3689207002668489
1.342621420973227
1.3500494530809979
1.3693180627005994
1.3897950524229328
1.367207559524097
1.3693192433049584
1.3638351126829125
1.349877763692372
1.1207733162686786
1.1710343650261665
1.3693180627005994
1.3901186074608318
1.3671360862634767
1.2631712590856417
1.342621420973227
1.1638641424481886
