1.0
1.0
0.8275862068965517
0.9241379310344828
0.9482758620689655
0.6758620689655173
0.7758620689655172
0.9482758620689655
0.6206896551724138
0.9482758620689655
0.9793103448275862
0.9793103448275862
0.7724137931034484
1.0
0.6896551724137931
0.896551724137931
0.7172413793103449
0.9655172413793104
0.7724137931034484
0.6482758620689655
0.9137931034482758
0.703448275862069
0.7586206896551725
0.896551724137931
0.9793103448275862
0.9137931034482758
0.9482758620689655
0.703448275862069
0.8
0.7586206896551725
0.9482758620689655
