0.07040520777497351
0.07074135830301331
0.07080520413234848
0.07074135830301331
0.06971224190018153
0.07239592965875775
0.07080520413234848
0.07022722801963024
0.07023440031053126
0.06987150811472562
0.07074135830301331
0.07105072212120167
0.006562468540303474
0.08457371479090796
0.01501694464997184
0.07113594194154474
0.0064176156944899835
0.05670081618677206
0.05663495588078393
0.07074135830301331
0.05656819124660111
0.07063510090048174
0.07040520777497351
0.07061349346420168
0.07087423547582841
0.004014835804992085
0.07069808823733442
0.07067745479915842
0.006895452533181599
0.07040520777497351
0.07074135830301331
