0.5000743107680405
0.7784038873177664
0.8625860518171717
0.7784038873177664
0.5000743107680405
0.46822250470800925
0.8625860518171717
0.5000743107680405
0.5000743107680405
0.5000743107680405
0.7784038873177664
0.46822250470800925
0.49791479579978104
0.4639973604861449
0.5549046268679141
0.4958957592506778
0.5000743107680405
0.7784038873177664
0.5549046268679141
0.7784038873177664
0.5549046268679141
0.5549046268679141
0.5000743107680405
0.7784038873177664
0.4661944320953506
0.5000743107680405
0.4682423442914731
0.7784038873177664
0.4958957592506778
0.5000743107680405
0.7784038873177664
