1.3614815798838114
1.0734873685835233
1.0
1.0734873685835233
1.3614815798838114
1.6962354790164804
1.0
1.3614815798838111
1.3614815798838111
1.3592341619711608
1.0734873685835233
1.6338742996645659
1.3695440570382569
1.5809515195299741
1.291948307864466
1.3669774624021183
1.3643973929840818
1.0734873685835233
1.2949705332826293
1.0734873685835233
1.2902221203095565
1.2931352095182667
1.3614815798838114
1.0734873685835233
1.579145706869667
1.3331138229410013
1.581062120024329
1.0734873685835236
1.36605797361152
1.3614815798838114
1.0734873685835233
