0.08503083604561061
0.05000000037252903
0.1233750099159299
0.09540407353423337
0.0792173118885429
0.09539541055188888
0.1125363847189127
0.12530191008709315
0.08503083604561061
0.0849724998057819
0.08503083604561061
0.12530191008709315
0.08499194966799842
0.10405635270408643
0.09539541055188888
0.09539541055188888
0.10037713332722442
0.10718795107492708
0.09539541055188888
0.08481950463008812
0.07960050233345982
0.047228016778762295
0.09540407353423337
0.09543005776280014
0.07960050233345982
0.09672036915205032
0.09539541055188888
0.09539541055188888
0.09539541055188888
0.09253171357802156
0.07402243592242165
