0.020995670995670995
0.03636363636363636
0.09635888528715805
0.01645021645021645
0.12219996563340473
0.011904761904761904
0.011904761904761904
0.023809523809523808
0.020995670995670995
0.011904761904761904
0.020995670995670995
0.023809523809523808
0.01645021645021645
0.12219996563340473
0.011904761904761904
0.011904761904761904
0.023809523809523808
0.09635888528715805
0.011904761904761904
0.14863766850017912
0.07200941750488951
0.05
0.01645021645021645
0.020995670995670995
0.07200941750488951
0.1353700403947316
0.011904761904761904
0.011904761904761904
0.011904761904761904
0.12219996563340473
0.07200941750488951
