1.3071433947172686
1.0
1.067810288509385
1.179502895919571
1.5459677457300987
1.178598623501905
1.178598623501905
1.0
1.3071433947172686
1.3052059082196739
1.3071433947172686
1.0
1.306154579941714
1.3231740142023407
1.178598623501905
1.178598623501905
1.0
1.067810288509385
1.178598623501905
1.359672410560173
1.3965420719528485
1.093838838628716
1.179502895919571
1.1804891399469586
1.3965420719528485
1.1836985142403458
1.178598623501905
1.178598623501905
1.178598623501905
1.4529810473126339
1.443760067403937
