0.05143598224253464
0.07942488542333224
0.0810583962611005
0.056121718803205836
0.056524120103415496
0.06668607647929882
0.06836637156302534
0.06574072806714522
0.06140210061377753
0.07306519089348339
0.05017750460385144
0.07446668012391719
0.06520564424628683
0.06110920950886111
0.05011364981189291
0.03780058057687376
0.07924951175342429
0.03487587353659652
0.05921724729210786
0.05877624001339665
0.0676102137307768
0.05184244671109262
0.08854707009916632
0.025246293133997674
0.07769968218232305
0.05017750460385144
0.0676102137307768
0.050240045087979184
0.0489620121410053
0.06755406562231168
0.06566710703362619
