1.0
1.5297532890794068
1.2899398067129726
1.5160481710918443
1.2224820116922457
1.3833352444638911
1.472476612384055
1.4034256896803807
1.5467190488484828
1.317174751479232
1.3521786353718357
1.3444336098261103
1.403553801536902
1.324115100649396
1.3239447055267792
1.2174134107865282
1.0
1.0
1.3588109537202846
1.1245066338633085
1.3964865642896498
1.3967438537567576
1.6225958305405324
1.3129294964624898
1.2861767993748583
1.3521786353718357
1.3964865642896498
1.22248201169225
1.4889090227409736
1.57064933547042
1.29047660572467
