0.0543131994351834
0.061945142781196845
0.11803422938587936
0.024086754092532213
0.0794706934450603
0.07220824568757861
0.07900897281382732
0.07884993085973631
0.0794706934450603
0.07852941319056778
0.08752876736953244
0.08312930072467875
0.05824529035994691
0.05317903860493359
0.08082535388503082
0.03478055889770576
0.018396389338009505
0.051659203374813306
0.1257920437057779
0.11486141725725307
0.018819990773788865
0.05133438859293018
0.08061989762766095
0.1486119645780201
0.14564088131289865
0.051770061289617225
0.11464499133656712
0.15350662129300213
0.05241918710117406
0.0
0.11068736150145746
