1.2778689489056498
1.2129231712328647
1.4228696237708973
1.4842949427211283
1.2129231712328647
1.0
1.2129231712328647
1.1959211583714775
1.2129231712328647
1.2129231712328647
1.2154674084727755
1.2129231712328647
1.2144778587815463
1.365673565545367
1.2967233767613378
1.0
1.1638152485545257
1.3593926696085272
1.2630595536721392
1.2660868524562598
1.3101896398266535
1.2144122908853934
1.2713537218718247
1.3896955076409114
1.1898870632250795
1.3521445046108458
1.2104624699080648
1.426676494156768
1.212839175339724
1.0
1.2504953742982587
