0.06171894056689513
0.17570897394043056
0.17720366063642115
0.07341332981241969
0.17720366063642115
0.0719549357033921
0.0768828406703898
0.05875455231275873
0.14018875011167084
0.04080238610956372
0.08172306388101197
0.07782059859216896
0.14353925573650783
0.17720366063642115
0.05035809836165926
0.07435067464303635
0.17649120554359876
0.17570784509800358
0.09331153027637354
0.17720366063642115
0.17720366063642115
0.07435067464303635
0.04121146145935619
0.07282185680697345
0.17720366063642115
0.14248769461593994
0.17570897394043056
0.07075741406208783
0.14033826209599054
0.05113438643821906
0.06300984075043768
