0.8484848484848484
0.9948051948051948
0.9523809523809523
0.8484848484848484
0.9523809523809523
0.8865800865800866
0.9913419913419913
0.8813852813852814
0.8493506493506493
0.8
0.7056277056277057
0.9965367965367965
0.8138528138528137
0.9523809523809523
0.9965367965367965
0.9965367965367965
0.7445887445887446
0.9956709956709957
0.9965367965367965
0.9523809523809523
0.9523809523809523
0.9965367965367965
0.8484848484848484
0.9965367965367965
0.9523809523809523
0.9904761904761905
0.9948051948051948
0.9090909090909091
0.9956709956709957
0.8129870129870129
0.8865800865800866
