0.08051827857473393
0.0879222582137899
0.13280888477556688
0.13604812586765386
0.12309116149930588
0.09162424803331791
0.16982878297084683
0.0962517353077279
0.13414634146341464
0.15853658536585366
0.14634146341463414
0.17538176770013883
0.13465987968533086
0.1925034706154558
0.1991869918699187
0.13975011568718185
0.10975609756097561
0.1878759833410458
0.10273021749190189
0.13465987968533086
0.18292682926829268
0.12031466913465988
0.10975609756097561
0.14484035168903286
0.12818139750115687
0.11788617886178862
0.12540490513651087
0.16260162601626016
0.11846367422489588
0.12216566404442387
0.11476168440536788
