0.04359063759111903
0.26064608770999304
0.05936416890091628
0.05139660181006644
0.057584322621428985
0.025534067416634908
0.05194123296701404
0.022377010961338827
0.05670162059051414
0.03565343700515635
0.04116171428763434
0.040428132186701174
0.04120171000456433
0.041440677147517944
0.049098116813659366
0.07034374019846538
0.036870727732450204
0.037803257151059075
0.08268732866632654
0.03616025093258718
0.02370990351254971
0.025374416751265234
0.028252895876749687
0.06373276184810688
0.04468448815833625
0.03548084386629554
0.036303251692163536
0.053106007507619915
0.09601092311717546
0.02837924273633087
0.11984335442498903
