0.8559403016519753
0.9083701086895182
0.7755367697129076
0.842879877202289
0.7806627464701301
0.878835077105977
0.7863003803568809
0.8229252491506868
0.8041500660263428
0.7791616347445288
0.7580614214286521
0.8145619123937653
0.8301636926596012
0.7746714672144408
0.6900110232013935
0.7798200170803189
0.7996128711865554
0.7560016252638232
0.8060838290011776
0.8442342637216284
0.7263292739359601
0.8010142850155941
0.7996128711865554
0.8516833895779957
0.8647306463809663
0.8123121258977514
0.8034898025981647
0.7676474682377551
0.8206171487906457
0.852855310135702
0.7916765424017036
