0.06100945053997823
0.04483351190909474
0.10539469624488747
0.08109970230679502
0.10146704330648425
0.05433639301613552
0.11119376826977044
0.0781334820127633
0.08566135214199862
0.09854114110195637
0.11113472996457639
0.10749244361919562
0.0843518108173132
0.12537192181082893
0.15003327108447054
0.10483504768576994
0.08975702812043791
0.12850579147574037
0.0867964951004856
0.08018415746132371
0.1280060158526217
0.09181974308897863
0.08975702812043791
0.08276007920912132
0.0724104248633338
0.0817715474426698
0.09176834050391242
0.10466489762392073
0.08317637988951541
0.07296914965776224
0.09513362785966305
