0.8660254037844386
0.8141345313608418
0.8531271017918668
0.8660254037844386
0.8470832468191329
0.8200914748012226
0.7101471226169068
0.8531271017918668
0.8531271017918668
0.8660254037844386
0.8141345313608418
0.6460111422810814
0.8660254037844386
0.8660254037844386
0.8660254037844386
0.8660254037844386
0.8660254037844386
0.8660254037844386
0.7235343116035664
0.8531271017918668
0.7241880678472032
0.8470832468191329
0.8531271017918668
0.8531271017918668
0.8660254037844386
0.8084682282868448
0.7260526992067875
0.8531271017918668
0.8084682282868448
0.8531271017918668
0.7588432633762338
