0.20684868116612679
0.12601626016260162
0.13414634146341464
0.12586765386395188
0.1991869918699187
0.1105969458583989
0.08329477093937991
0.2032520325203252
0.11753817677001388
0.16288755205923183
0.18699186991869918
0.18292682926829268
0.0906987505784359
0.15085608514576584
0.12170291531698288
0.14669134659879685
0.13821138211382114
0.13821138211382114
0.1883387320684868
0.1031929662193429
0.17214252660805182
0.16982878297084683
0.13414634146341464
0.13836186950485888
0.13836186950485888
0.09162424803331791
0.10550670985654789
0.12601626016260162
0.0948634891254049
0.11753817677001388
0.14227642276422764
