0.42775867946567475
0.4100214852568502
0.4265628697344301
0.4296340450658945
0.4222332272415623
0.3832501499296399
0.40883208420700906
0.41836901045157265
0.46849541169757575
0.48405599639725333
0.42380948169252197
0.4506167114792785
0.38282546424300495
0.4093263044962243
0.4279160723164217
0.47038324869696585
0.41658312741672554
0.4935347599561095
0.4470656214339143
0.4293438218564527
0.363769220713096
0.42835863574726346
0.49893919963838923
0.3610823364344394
0.4021506523410057
0.44427698119969444
0.4086339431442492
0.45966575510181523
0.3725580029135156
0.38689356744282577
0.47682982041028055
