0.0350502881707374
0.04871664297868081
0.0471699345335995
0.05515869818447051
0.059592140644513306
0.04561065017719458
0.03750232735144973
0.057234154405741956
0.04795990064255227
0.047772651876411214
0.04258681366931442
0.050546229499921394
0.03148984718576677
0.038307422626039915
0.0472537185275288
0.05829383838171534
0.045642224248407845
0.047154176889236954
0.03905883409779504
0.03501805102274475
0.057890492526945066
0.060105870719523245
0.04310507504912999
0.0478076406065041
0.0424532485767904
0.04769698862511201
0.04952674701489013
0.04134852340324431
0.037284939510326104
0.03985263411162272
0.05515869818447051
