0.9305805176167429
0.9300862710138261
0.986621587333021
0.9300862710138261
0.9448238672368231
0.8806613947470397
0.9350736880647172
0.9300862710138261
0.8761682227256592
0.984262672882985
0.986621587333021
0.984262672882985
0.9300862710138261
0.9844985643315036
0.9627965494379732
0.9300862710138261
0.9350736880647172
0.9323890171181826
0.9627965494379732
0.9878796750397068
0.9300862710138261
0.9447452367539836
0.9133716731711868
0.8885244423614602
0.984262672882985
0.9300862710138261
0.9863070654063495
0.9878796750397068
0.9844985643315036
0.9523723971749449
0.8885244423614602
