0.04160793806443154
0.03688636485570879
0.020287844606487616
0.03688636485570879
0.035912844606487616
0.047303031522375465
0.04160793806443154
0.03688636485570879
0.06169341081088112
0.031191271397764873
0.020287844606487616
0.031191271397764873
0.03688636485570879
0.031191271397764873
0.03688636485570879
0.03688636485570879
0.04160793806443154
0.050303223894993275
0.03688636485570879
0.015079511273154282
0.03688636485570879
0.035912844606487616
0.047303031522375465
0.047303031522375465
0.031191271397764873
0.03688636485570879
0.025496177939820952
0.015079511273154282
0.031191271397764873
0.043845222804813073
0.047303031522375465
