0.10348739793469325
0.1018281835209035
0.10008065252478014
0.10116060820956994
0.055506191475613684
0.10082330101970104
0.10196507928691259
0.10295433384064762
0.10282839758747618
0.08671028021537029
0.11133336652505633
0.13442660248474742
0.10098252246209084
0.1337804005822485
0.10122151783358843
0.10088224494285548
0.15052647868656716
0.10117295169318298
0.10768169570077575
0.1328917388331358
0.10119563232871948
0.13290840791502487
0.10590620072572672
0.10123699155943099
0.14544601960192904
0.08356806319265983
0.13013267897965106
0.08475922080395437
0.09990718670672036
0.13306735940224615
0.08489379447175736
