0.009433962264150943
0.05974842767295598
0.03773584905660378
0.03459119496855346
0.03773584905660378
0.12722855304613698
0.12722855304613698
0.05031446540880503
0.018867924528301886
0.13135590286421892
0.022012578616352207
0.05660377358490567
0.028301886792452827
0.009433962264150943
0.018867924528301886
0.053459119496855355
0.028301886792452827
0.025157232704402514
0.009433962264150943
0.018867924528301886
0.11666666666666665
0.040880503144654086
0.015723270440251572
0.028301886792452827
0.11666666666666665
0.03459119496855346
0.03773584905660377
0.14099797436347955
0.03459119496855346
0.05974842767295598
0.04716981132075471
