1.3232916461296698
1.25784935338353
1.2744528614185944
1.4678008006650727
1.2707199767925974
1.2612881739766253
1.1616745560085995
1.433863779008819
1.1612690593273816
1.2201725885895642
1.5140598001141072
1.2293469095004028
1.1126753369979545
1.2109057515686326
1.1612690593273816
1.4005891051105814
1.1616197935207884
1.2782323763416152
1.3232916461296709
1.1612690593273816
1.165663526118134
1.4345038027563546
1.2618577352759772
1.1647995604176207
1.1738007583990928
1.3312532392561645
1.4794959612382543
1.2928623982712093
1.2292776411853645
1.3844947531536649
1.323775429398983
