0.21980361970060133
0.17777170131856956
0.21923751469818492
0.2153098556001942
0.22003968395842352
0.2212866124256521
0.22985355594205598
0.22985355594205598
0.17778659984408218
0.22110832070488734
0.22110832070488734
0.22110832070488734
0.21980361970060133
0.1767766952966369
0.22004517997054873
0.22004517997054873
0.22110832070488734
0.2153098556001942
0.2153098556001942
0.14417999396215342
0.1767766952966369
0.22030912758039917
0.22985355594205598
0.2153098556001942
0.22110832070488734
0.22004517997054873
0.22985355594205598
0.2289126559096803
0.22985355594205598
0.1607824723500369
0.17766707511827262
