0.5922469876131142
0.6915527094241021
0.6423946429445813
0.4948856607457753
0.6423946429445813
0.8267610316341051
0.8405785818003716
0.8405785818003716
0.4764377671423395
0.8347675739066979
0.8347675739066979
0.8347675739066979
0.5922469876131142
0.6915527094241021
0.639438418795025
0.639438418795025
0.8347675739066979
0.4948856607457753
0.4948856607457753
0.5922469876131142
0.6915527094241021
0.6915527094241021
0.8405785818003716
0.4948856607457753
0.8347675739066979
0.639438418795025
0.8405785818003716
0.6915527094241021
0.8405785818003716
0.637733973285713
0.6913312311653035
