0.1495700145228548
0.22110832070488734
0.21374561699145223
0.22110832070488734
0.1418660527134626
0.1853582438266802
0.2306960429523696
0.19783765952681553
0.22110832070488734
0.19783765952681553
0.18201762428895063
0.18942722155914157
0.20017353656881734
0.22110832070488734
0.17957051125453888
0.1764912532621171
0.18332096536866282
0.18948334387559004
0.21686281159778495
0.19262194909881145
0.22110832070488734
0.1926219490988115
0.17774459467769696
0.22985355594205598
0.22951014459373456
0.19262194909881145
0.18388436819761536
0.1814573417823936
0.15124454909702917
0.1828334549019271
0.22110832070488734
