0.4948856607457753
0.8347675739066979
0.4948856607457753
0.8347675739066979
0.5922469876131142
0.6773556136139905
0.837678116769084
0.6913312311653035
0.8347675739066979
0.6913312311653035
0.6423946429445813
0.634169449142758
0.6915527094241021
0.8347675739066979
0.6352302240403951
0.501078454600971
0.4948856607457753
0.6326977615784164
0.8326097638438975
0.6423946429445813
0.8347675739066979
0.6423946429445813
0.4948856607457753
0.8405785818003716
0.8267610316341051
0.6423946429445813
0.675746813937059
0.6339060766935276
0.4936724852360669
0.6234298921456256
0.8347675739066979
