0.1767766952966369
0.18857057761964505
0.223591467724803
0.1685454459373023
0.22110832070488734
0.22985355594205598
0.16878542638851493
0.22110832070488734
0.21686281159778495
0.21686281159778495
0.1767766952966369
0.19253731017639034
0.16535374061025343
0.19737679484465573
0.22110832070488734
0.22985355594205598
0.20692718865576487
0.22110832070488734
0.22968191444979383
0.18576176463071498
0.22110832070488734
0.22110832070488734
0.20898266286105385
0.2297417048539597
0.17683107000027326
0.20017353656881734
0.16813857965766302
0.22110832070488734
0.2111523759416613
0.22916621863543948
0.19783765952681553
