0.6915527094241021
0.639438418795025
0.8267610316341051
0.4948856607457753
0.8347675739066979
0.8405785818003716
0.6234298921456256
0.8347675739066979
0.8326097638438975
0.8326097638438975
0.6915527094241021
0.6339060766935276
0.4581298956455845
0.6352302240403951
0.8347675739066979
0.8405785818003716
0.6423946429445813
0.8347675739066979
0.8267610316341051
0.5922469876131142
0.8347675739066979
0.8347675739066979
0.4948856607457753
0.6915527094241021
0.6339060766935276
0.6915527094241021
0.4581298956455845
0.8347675739066979
0.6915527094241021
0.8267610316341051
0.6913312311653035
