0.06973154790127394
0.09966769996428751
0.0468765424454872
0.10013367997056273
0.09026087230608625
0.10013367997056273
0.0800742829949529
0.09986577199330933
0.10037089364019235
0.09645611049067247
0.028301082108528535
0.022373969927597704
0.10147544116939429
0.10013367997056273
0.07903189617763379
0.10954356215567884
0.0
0.08140835366312371
0.051137221845019745
0.10005943536928896
0.10037089364019235
0.09081522088042746
0.037586681537937164
0.024312570561763218
0.10013367997056273
0.02222092106471445
0.08066607495424089
0.09748873529000227
0.10037089364019235
0.021423480609221834
0.0
