0.0513030771357344
0.05000000037252903
0.05421109203919513
0.0997633210285184
0.12477418019359217
0.12530191008709315
0.12477404772280078
0.033744604968179645
0.12477457760512246
0.030756997477160562
0.1237131694956613
0.12477404772280078
0.05653458812236264
0.10008685108907973
0.05133496324015284
0.12479312206892766
0.03837679045131514
0.0513030771357344
0.028296933189105297
0.03342058431763143
0.04078300218509441
0.12423407269778361
0.12477418019359217
0.05425670878676074
0.12477457760512246
0.054720317789618625
0.0513030771357344
0.05000000037252903
0.03369388706575891
0.10203764232785993
0.1006584145186947
