0.9965367965367965
0.9272727272727272
0.9904761904761905
0.8865800865800866
0.9956709956709957
0.9523809523809523
0.9965367965367965
0.8874458874458874
0.9948051948051948
0.8874458874458874
0.9948051948051948
0.9965367965367965
0.7800865800865802
0.9965367965367965
0.9956709956709957
0.9861471861471861
0.8874458874458874
0.9965367965367965
0.8874458874458874
0.8874458874458874
0.8857142857142857
0.9852813852813853
0.9956709956709957
0.8129870129870129
0.9948051948051948
0.8121212121212121
0.9965367965367965
0.9272727272727272
0.8874458874458874
0.9523809523809523
0.8138528138528137
