0.011904761904761904
0.03636363636363636
0.023809523809523808
0.07200941750488951
0.01645021645021645
0.023809523809523808
0.011904761904761904
0.07200941750488951
0.020995670995670995
0.07200941750488951
0.020995670995670995
0.011904761904761904
0.14863766850017912
0.011904761904761904
0.01645021645021645
0.023809523809523808
0.07200941750488951
0.011904761904761904
0.07200941750488951
0.07200941750488951
0.07200941750488951
0.023809523809523808
0.01645021645021645
0.12219996563340473
0.020995670995670995
0.12219996563340473
0.011904761904761904
0.03636363636363636
0.07200941750488951
0.023809523809523808
0.09635888528715805
