1.178598623501905
1.0
1.269309224738622
1.4688783483245336
1.179502895919571
1.0
1.178598623501905
1.4437600674039415
1.1804891399469586
1.4450348833825521
1.1804891399469586
1.178598623501905
1.4167771796593878
1.3052059082196723
1.179502895919571
1.1945934877292488
1.4437600674039341
1.178598623501905
1.1222708470967269
1.4437600674039415
1.4460377848762942
1.2797176013805516
1.179502895919571
1.5751862893719022
1.1804891399469586
1.4384386202726873
1.178598623501905
1.0
1.446426260741162
1.0664544716923114
1.067810288509385
