0.046107353218186986
0.07029156579508986
0.047154176889236954
0.03549831463661316
0.0471699345335995
0.053759428524457566
0.056340429267688945
0.04670376445387389
0.054099171321668846
0.0471699345335995
0.049631109219741176
0.03543608266169127
0.05515869818447051
0.0394322153110675
0.04899628106797707
0.047154176889236954
0.04598611465820317
0.047154176889236954
0.03368315746583053
0.047772651876411214
0.0407764240827846
0.047154176889236954
0.04863477879030402
0.030558972039806703
0.030613591531843218
0.04458384365525321
0.05815375894171698
0.04629715612494494
0.04837526226570295
0.05654225170400361
0.052881428214989576
