0.17886178861788618
0.15040650406504066
0.13821138211382114
0.13743637204997686
0.13928736695974087
0.13821138211382114
0.14634146341463414
0.17886178861788618
0.10569105691056911
0.1105969458583989
0.13604812586765386
0.17630726515502082
0.16260162601626016
0.11429893567792689
0.13008130081300814
0.14900509023600186
0.2073170731707317
0.16566404442387783
0.16473854696899584
0.1952799629801018
0.15853658536585366
0.15733456732993983
0.12031466913465988
0.12216566404442387
0.14993058769088385
0.10273021749190189
0.1962054604349838
0.14484035168903286
0.13414634146341464
0.17214252660805182
0.1263304025913929
