0.04855451515278273
0.05199973003457159
0.0528291249117172
0.07660113846297274
0.0915439215968985
0.034610762305746084
0.05482827642365469
0.07769593004971743
0.0244644164487557
0.03769839304027248
0.042951721512021195
0.05463930320633136
0.06289846786570785
0.09323482408762875
0.06349170117522097
0.062202958630862316
0.0359244329778787
0.048319310000587284
0.052827452474396325
0.03577146034513505
0.0591906933974198
0.06941168999500477
0.07729642045963414
0.047575471426474135
0.04525193339332043
0.05186419353755357
0.06781085628523606
0.03316849668339787
0.024313486401353685
0.04458776725996763
0.026810845366882604
