0.1470364459000779
0.1177309905257997
0.10371102235546185
0.10195640416422969
0.0973497963431378
0.09341357992351441
0.10277015509747166
0.1453111593358857
0.08357301857534498
0.06541537824345416
0.0852512326571192
0.114841968484604
0.11162891670166082
0.08213767393709528
0.1020210942047662
0.0936716885883201
0.15133930577881216
0.13415381856648376
0.10169557955571863
0.16650471287120938
0.08958137326036446
0.12918268845337819
0.087229466472727
0.10429035752467358
0.10808657728607964
0.05921741423348272
0.12903672287867082
0.09686272601098607
0.10867922673018164
0.11080815607310528
0.09382390554567732
