0.07497776871858815
0.05648932820568989
0.05741657195429568
0.06003231086208642
0.03932560609589821
0.04733288674930272
0.05678630520222077
0.04851216248028242
0.04364637306467012
0.06372422509117553
0.036241581891256376
0.08150856810904605
0.03975087830316738
0.031374096114679756
0.05153002971283746
0.06391922100291797
0.02913697569156215
0.06312122823124856
0.08707901685716347
0.05721476528355202
0.060631417977348986
0.03840314237329561
0.044978032233721474
0.042168461124160755
0.04173598417714487
0.04919416679258473
0.048883692012832214
0.037403864065867175
0.07022733751883424
0.056711453735145086
0.0609967460265641
