0.7793083599507906
0.850607404732076
0.8173346425736353
0.7908864835987555
0.6743941941964537
0.6659518515592375
0.7467936780247024
0.7172548842563854
0.6742023227728806
0.7136714032572995
0.81279556664146
0.6597743441571389
0.6602559038084597
0.84717253003164
0.7055676572499181
0.8670255790942917
0.7936366406699699
0.8143662787854163
0.8555208180494577
0.8095337524407173
0.7793459817985501
0.6748174399837474
0.6478670293412792
0.8179478786921142
0.7868421349646167
0.8545802718554719
0.7264195663705827
0.657848105551856
0.7736932991726956
0.6982614944150367
0.8104987528357468
