0.4762210828748008
0.43056435421887657
0.42741066498742725
0.47190637411731445
0.4226866223483973
0.4388315812823029
0.475827092612233
0.40242550331976906
0.4135945368759332
0.48294958942189886
0.4061835356086852
0.5276734557774075
0.37654636922579127
0.38581495788440284
0.4019012328065434
0.4374601460066307
0.36384864903207054
0.45680312925317584
0.49721659021370224
0.44703158535381915
0.46984519093606125
0.41441717665884914
0.40104536360819704
0.4241755905442615
0.3947877435969953
0.4519731547240718
0.4238528506394868
0.411576364097926
0.5002213396147442
0.4680135028556083
0.45651668975038495
