0.09953230831976256
0.07448400178887048
0.07972144427280549
0.10402832615238651
0.1600434916357149
0.16571356565522946
0.11730214778772068
0.1333716292383854
0.174619426363787
0.13823629905115767
0.08200741153556747
0.1701507250915705
0.17099556447187683
0.08112518734589032
0.14306599863073421
0.07087014599510277
0.10717752954758131
0.09790657227271388
0.07256491122056354
0.09247829130424594
0.11978236394387125
0.1595780863166349
0.18123514330528703
0.09532696646775983
0.0975836617861025
0.06799259150592858
0.13296503753482353
0.17054335672140222
0.11067246710415331
0.14496233029932573
0.09920683610717564
