0.8660254037844386
0.8660254037844386
0.8531271017918668
0.8531271017918668
0.8531271017918668
0.8531271017918668
0.8660254037844386
0.8660254037844386
0.8660254037844386
0.8660254037844386
0.8470832468191329
0.8660254037844386
0.7502172046787359
0.8200914748012226
0.8531271017918668
0.8660254037844386
0.8660254037844386
0.8660254037844386
0.5606158728055566
0.8531271017918668
0.8531271017918668
0.8660254037844386
0.8660254037844386
0.8531271017918668
0.8470832468191329
0.8660254037844386
0.7370868180513823
0.8660254037844386
0.8531271017918668
0.7241880678472032
0.8660254037844386
