0.047619047619047616
0.015873015873015872
0.015873015873015872
0.015873015873015872
0.031746031746031744
0.015873015873015872
0.015873015873015872
0.015873015873015872
0.015873015873015872
0.015873015873015872
0.047619047619047616
0.047619047619047616
0.015873015873015872
0.031746031746031744
0.015873015873015872
0.015873015873015872
0.015873015873015872
0.031746031746031744
0.031746031746031744
0.015873015873015872
0.015873015873015872
0.031746031746031744
0.015873015873015872
0.015873015873015872
0.015873015873015872
0.015873015873015872
0.047619047619047616
0.25396825396825395
0.015873015873015872
0.031746031746031744
0.047619047619047616
