0.110576453555229
0.11478787507271909
0.11515170286479906
0.08866718295150623
0.11044533898786442
0.1148093461932782
0.11045439674081656
0.11045439674081656
0.11045439674081656
0.0886652521190245
0.110576453555229
0.1100285617316123
0.11047890512588315
0.11032439318014159
0.11045439674081656
0.11045439674081656
0.08854082855651402
0.11032439318014159
0.07974239431823267
0.11520541658160802
0.11045439674081656
0.11042082315264683
0.11045439674081656
0.11047671007499975
0.11045439674081656
0.11047671007499975
0.11001944028480828
0.11046081202371182
0.08865487961251751
0.07995775976569204
0.11045451079354342
