1.0819140633794229
1.1866594459218047
1.2267716221360796
1.1962136922115938
1.2286014957865705
1.100517215308952
1.1222326602745087
1.1222326602745087
1.1222326602745087
1.1866594459218047
1.0819140633794229
1.284809392623732
1.1934098866144833
1.1848172237403503
1.1222326602745087
1.1222326602745087
1.100517215308952
1.1848172237403503
1.1450001867588775
1.1934098866144833
1.1222326602745087
1.1450001867588777
1.1222326602745087
1.1866594459218047
1.1222326602745087
1.1866594459218047
1.3212848692792898
1.1396857157516198
1.2029076587255043
1.2233614145051799
1.1232706021942036
