0.4864116713099258
0.485494097291559
0.46822250470800925
0.7751030820299872
0.46409745302120875
0.549859457643141
0.5000743107680405
0.479979686450864
0.5514115503257232
0.5549046268679141
0.7714992326714105
0.7726542933134549
0.8606885499550817
0.5000743107680405
0.5549046268679141
0.549859457643141
0.4220080740709183
0.7784038873177664
0.8636623206107849
0.4682423442914731
0.48662170500746776
0.4958957592506778
0.4639973604861449
0.5000743107680405
0.49069825761233477
0.457058365623977
0.8625860518171717
0.7733753301778358
0.8625860518171717
0.46021808406663256
0.8598678796834407
