0.9300862710138261
0.9627965494379732
0.4128774200193852
0.8761682242990654
0.9447452367539836
0.9447452367539836
0.9300862710138261
0.9300862710138261
0.9300862710138261
0.8641826923076923
0.9300862710138261
0.9088785027232125
0.5515366316472377
0.8960280696761685
0.9429367356791377
0.8761682227256592
0.9532822631058463
0.9300862710138261
0.9447452367539836
0.984262672882985
0.9844985643315036
0.8761682227256592
0.8626887474361724
0.8885244423614602
0.8761682227256592
0.9300862710138261
0.984262672882985
0.9300862710138261
0.984262672882985
0.8626887474361724
0.984262672882985
