0.03688636485570879
0.03688636485570879
0.36694401654177683
0.047303031522375465
0.035912844606487616
0.035912844606487616
0.03688636485570879
0.03688636485570879
0.03688636485570879
0.08072916666666667
0.03688636485570879
0.047303031522375465
0.25739390355181246
0.05738400527634364
0.04160793806443154
0.06169341081088112
0.02598293806443154
0.03688636485570879
0.035912844606487616
0.031191271397764873
0.031191271397764873
0.06169341081088112
0.05738400527634364
0.047303031522375465
0.06169341081088112
0.03688636485570879
0.031191271397764873
0.03688636485570879
0.031191271397764873
0.05738400527634364
0.031191271397764873
