1.0522350510663574
1.2396047406151742
1.427973271654853
1.0
1.267511614189406
1.267511614189406
1.0522350510663574
1.0522350510663574
1.0522350510663574
1.2116530433945918
1.0522350510663574
1.4876628710836812
1.1803876006071754
1.1852161773695646
1.4779204159608381
1.254551445399835
1.3086780178278339
1.0522350510663574
1.267511614189406
1.1105617117771822
1.4965577210103982
1.254551445399835
1.0
1.2530140917038413
1.254551445399835
1.0522350510663574
1.1105617117771822
1.0522350510663574
1.1105617117771822
1.0
1.1105617117771822
