0.8100529339397975
0.7906231306644395
0.8266498120788704
0.8227898104987529
0.7721583277841108
0.7177834712174055
0.8357919210844121
0.8161758896626449
0.8492586614899005
0.7041530757741635
0.7980120615643918
0.8443809889278902
0.8243210197025617
0.807505934846484
0.8760341305402873
0.8430435322400424
0.766590294315715
0.7331726880434005
0.6766703159858993
0.6873511585648018
0.8186589316147673
0.7973762523372573
0.7954462515471985
0.8159576829456402
0.8174061240843782
0.8156661136255046
0.6955602457459096
0.8215633382617954
0.8082696583560005
0.7664793098648247
0.858201374702317
