0.5267735726250707
0.43560592482553245
0.41834058472305685
0.36377649041793264
0.3831258201140693
0.40236949838557634
0.409154005845452
0.42775377380348845
0.5128864955323903
0.44237111820109365
0.3952878496390148
0.4299963185138034
0.42257781086335466
0.48326060332571297
0.48122585552521385
0.3845377034173392
0.4474759277104859
0.38988742692166767
0.4446867908904795
0.44480641890622336
0.4282093567619143
0.556220388730545
0.4769167993004275
0.4508347646451308
0.4001472464872662
0.45587766864502205
0.48603749959805004
0.4172602516482977
0.3788582116802743
0.4768105367166621
0.4271641113934755
