0.0995314259967564
0.10328420537161387
0.08431066434928391
0.07878696154881347
0.12939193979815702
0.13314147547060648
0.08882293245912988
0.08519300506585133
0.07539347729221732
0.1419473854244833
0.09028803834793807
0.07603464507209942
0.07847181005228658
0.0870412319052312
0.055013879237603446
0.07693414798129375
0.11198689481743491
0.1435529686923264
0.15838001370666416
0.15309976458504718
0.08638364925462337
0.09960048002388322
0.09054197986549856
0.0939744795183785
0.09053751034930548
0.09055185036567158
0.14775365779390784
0.08091790500777934
0.10083864779565406
0.11792926346953832
0.06089828196398281
