1.1885490891869255
1.1813627404610325
1.180449098801099
1.4688156863641282
1.4688156863641282
1.1823592030454024
1.1823592030454013
1.1813627404610325
1.4140600827520344
1.180449098801103
1.1804490988011038
1.317101034357956
1.1813627404610325
1.180449098801103
1.3151007342277652
1.3151007342277652
1.1804490988011043
1.3160801620438916
1.3151007342277652
1.3160801620438916
1.3685024841355613
1.180449098801098
1.1804490988011043
1.3151007342277652
1.1804490988011043
1.180449098801104
1.2459422926294754
1.1804490988011038
1.4688156863641282
1.4700071359580231
1.180449098801105
