0.03270782680581017
0.03714736311658056
0.03517356828544464
0.036336368320888705
0.03036869738105722
0.03131828555432886
0.04411746856986634
0.03977507598277991
0.04292291438051965
0.034514440499991555
0.03296975617523205
0.04771484936809349
0.03676141893821436
0.03176382766562044
0.03732517821249531
0.028726091021121267
0.025577965278401775
0.0340148784194109
0.03733947908712699
0.03779439832694661
0.03346929813249466
0.03348027792808102
0.03992437304283594
0.030853082550929514
0.0312970215375275
0.027658498926254743
0.039913967258066965
0.034639439807581655
0.037718484801561314
0.03234072813668686
0.031482650425694717
