0.44189493722794704
0.38524583996418404
0.42779803087248824
0.38119208586810527
0.5141777933281415
0.48664612513779004
0.3556995218263149
0.5472568029706211
0.41462285978713564
0.5647904651189037
0.588176205686166
0.608742188763859
0.6437662479355011
0.669354747689078
0.41561043329082065
0.6419698047049882
0.5982889583639012
0.5826156965873222
0.5699145607837383
0.40499542894549717
0.49239098129065506
0.45000244542010437
0.4637833282543838
0.5973239579688717
0.5203741116541198
0.568285534775755
0.6090281148068306
0.533316027283364
0.5451349307569892
0.5916261291257059
0.6127658453817302
