0.3765656171298246
0.3711358986288468
0.3610094385520863
0.3692039041125467
0.35331591645993826
0.3689319204881905
0.38746464987641294
0.36572738013697864
0.3803759609430715
0.39764249950794633
0.40210324690204396
0.48457043746325207
0.3618835168900169
0.35915565176584047
0.3575960992998672
0.3577541346913313
0.3500617292526333
0.39231930293942274
0.34858423569502867
0.37138992093536977
0.3532118339355313
0.35998659475480865
0.4129372130574362
0.37519649727070853
0.3539579974172726
0.34687055215987694
0.4049624000927811
0.3697442254046092
0.38520318795093106
0.3920147470636682
0.3566313211227437
