0.3379551653526019
0.4004865215046483
0.3543920439761772
0.4054185535656378
0.2803631921920681
0.30897377515660934
0.42404712494975816
0.2593288671678607
0.36536353150158707
0.2471530720154389
0.22245470889214616
0.20679210900618036
0.1918625339033447
0.164094271949194
0.3585160195339427
0.18211699786240487
0.21158142853885606
0.22750855665055839
0.2575883359883348
0.39442300155457294
0.29837752638783194
0.3420846739395727
0.3308711656211794
0.21670989341445934
0.27765379610725915
0.24357165348181975
0.20691267866281074
0.27505621445586775
0.258593122738313
0.21889375746078113
0.2093681657691265
