0.8348588992599784
0.7082613815494935
0.83897472940486
0.8359104299048543
0.7986648006230178
0.7930497398449227
0.9146680060044469
0.8233334461988765
0.8468527443256848
0.7736932991726956
0.8350169110205679
0.8102993570426218
0.8134784031782938
0.8532597449991159
0.7792914301192989
0.6854399686986226
0.6956731112891877
0.8111270376933292
0.8538729811175946
0.8060292773219264
0.7324748027674631
0.8552612272999176
0.7754314285391813
0.668164016207492
0.6782654823308992
0.7973668468753173
0.6968375074773423
0.8169245644330576
0.8407993890211923
0.8326749509975433
0.6769223823658875
