0.5025851338862751
0.39745384614710005
0.3838421684318265
0.3842896319307428
0.47727061844155866
0.4273508752467652
0.48935761391232907
0.4278672388515053
0.40303624858810444
0.4650957544246795
0.4077644133400368
0.49207796592421443
0.4437362561096061
0.4817032854456386
0.4486567232579814
0.5158528648357695
0.357896392165779
0.42722408096667874
0.4689603492324231
0.543999821696288
0.46986367200375484
0.4462269175883575
0.4713120656655889
0.45048277582796215
0.40897581665840743
0.438463827180156
0.4450382593139249
0.42755044039446655
0.41252604027193884
0.4072640102550449
0.5214947051874969
