0.07668788191063333
0.13971871696429686
0.07607601350915581
0.08174171902099088
0.09409910844937543
0.10253713332594738
0.037353794177689935
0.07584380936164735
0.06491171334926223
0.11067246710415331
0.0747277582129043
0.1086791571365985
0.08459817528976843
0.06346050431571214
0.10989302411017028
0.1539211535475256
0.1506629885329511
0.08540867378112356
0.07813475260463353
0.09378580575512158
0.13726104680442916
0.06535971011385314
0.11263532729696597
0.1643753625795197
0.1588613343955261
0.10068789363954513
0.1460436384562588
0.10119438108446867
0.08542538536706246
0.07193396877213006
0.15820781406011683
