0.08139461011917543
0.022904755340476046
0.1497757935076414
0.11003751466675045
0.16750791285510483
0.11287245350660059
0.0572571054689781
0.11393642681745106
0.010147543949116565
0.08101961449099183
0.07330628479082137
0.11558966314646084
0.05174428468203855
0.08184692871518427
0.05241918710117406
0.0794706934450603
0.08302493417535689
0.08334107651840134
0.14703656810079901
0.07852941319056778
0.05837594386085147
0.11774705897213832
0.05133438859293018
0.07491455464640824
0.04932193335506366
0.07268175241903557
0.050377706654974944
0.08153704847539162
0.08244399708081962
0.07338347333456219
0.07498213325711549
