0.43931286626752886
0.3823790016339576
0.3879923667209769
0.3932356779721319
0.5199312820297546
0.6524069333552346
0.46461098880390106
0.6531446591759568
0.40749768927509483
0.39129410655308494
0.5476499879023045
0.6437661117905955
0.3879923667209769
0.44118202796498496
0.4668067643273158
0.47019991210284184
0.3817360096103974
0.47019991210284184
0.47019991210284184
0.47019991210284184
0.4668067643273158
0.47019991210284184
0.47267938034258333
0.44696568332495906
0.47267938034258333
0.4038043263097462
0.39359836506812934
0.47019991210284184
0.47019991210284184
0.4038043263097462
0.5221221451594659
