1.1503912812765031
1.4315635932464739
1.3475549729732814
1.3438467411949606
1.5219882013521902
1.0993126660138033
1.2670009387619825
1.0832898174828778
1.2494023861911392
1.4107288708911543
1.1259975833034788
1.0
1.297629484172247
1.1828935507356046
1.212839175339724
1.2129231712328647
1.2967233767613378
1.2713537218718247
1.2713537218718247
1.2129231712328647
1.212839175339724
1.2756388962765237
1.2144122908853934
1.394344296349741
1.0
1.2994846201375736
1.3440854159641846
1.2713537218718247
1.2713537218718247
1.2994846201375736
1.322329168655112
