0.11719048630199196
0.1058997603022802
0.11260731415555175
0.1067288961606993
0.08514506880193695
0.12225866730885106
0.12571584396394045
0.08542661693315731
0.14925726552720645
0.12571584396394045
0.09945145610600326
0.13362404037177408
0.11572586658546066
0.11422129523795296
0.12686342076386314
0.12051253564513818
0.10349516856647605
0.09559355578578785
0.1430859617007284
0.10393342987881188
0.11062556356572793
0.10406028510148113
0.10334240247118241
0.11387046277046586
0.12495070174886275
0.11513767978746113
0.12655802065888705
0.10923244756373966
0.12167216799293676
0.0831440783093626
0.1400344918435118
