1.4839940173699788
1.553588609814618
1.4689323442473645
1.117919260319447
1.2079933772872553
1.179473835339407
1.3232916461296744
1.0765566009111227
1.0627630620703312
1.3232916461296744
1.3709680511706703
1.167989677745041
1.1684003100453344
1.4414506657481145
1.2996181355881586
1.425835816301444
1.1144630396988402
1.297354337264347
1.166010806116041
1.451613802537722
1.513564161351808
1.167989677745041
1.4464736269843963
1.2326084717772052
1.3232916461296744
1.1684003100453344
1.3602979112858278
1.2686749064413607
1.3204129347652658
1.3690994416954474
1.165663526118134
