0.07753235108933626
0.11364920980855255
0.15634719294719596
0.12592742999671194
0.15634719294719596
0.15634719294719596
0.156410241291736
0.15596983041718235
0.15634719294719596
0.16247033498806063
0.15600205415966684
0.1620263075849746
0.16253100808646945
0.1253522813810131
0.15634719294719596
0.1559560484667083
0.1557281519266046
0.1253522813810131
0.156410241291736
0.15606489129539367
0.1557454764015157
0.1626945692697591
0.12524115222922202
0.1558487689922047
0.15318876609489565
0.15634719294719596
0.15598138002541606
0.15559155265714625
0.15597176885033293
0.15569849604557448
0.1557445057662568
