0.5059123862221819
0.6423946429445813
0.8347675739066979
0.6911764367234943
0.8347675739066979
0.8347675739066979
0.8267610316341051
0.6423946429445813
0.8347675739066979
0.8267610316341051
0.6395566143906455
0.6325353427534453
0.8405785818003716
0.6915527094241021
0.8347675739066979
0.5922469876131142
0.4645062900267625
0.6915527094241021
0.8267610316341051
0.6915527094241021
0.5040363664792219
0.6913312311653035
0.6339060766935276
0.5922469876131142
0.6913312311653035
0.8347675739066979
0.6372834288444655
0.6423946429445813
0.639438418795025
0.6371738451197411
0.5059123862221819
