0.015873015873015872
0.009523809523809523
0.2
0.006349206349206349
0.2
0.2
0.015873015873015872
0.009523809523809523
0.2
0.015873015873015872
0.1873015873015873
0.015873015873015872
0.025396825396825397
0.0031746031746031746
0.2
0.04444444444444444
0.1968253968253968
0.0031746031746031746
0.015873015873015872
0.0031746031746031746
0.03492063492063492
0.006349206349206349
0.0031746031746031746
0.04444444444444444
0.006349206349206349
0.2
0.11111111111111112
0.009523809523809523
0.04444444444444444
0.009523809523809523
0.015873015873015872
