0.6557017791371805
0.8053934680947921
0.6182943759099784
0.8483877157142696
0.8617397094840915
0.7501570712143957
0.8166010165423265
0.6260952660428963
0.7136864519964033
0.6745559681418194
0.7812985556972646
0.8384969319383153
0.6879531081289526
0.668164016207492
0.8419882394103904
0.826612190231111
0.8412546133790815
0.8408633461623835
0.641460028667848
0.6014416692061414
0.8411831318683386
0.7491789031726505
0.6662114423087776
0.6020248078464125
0.5627062147530313
0.7792914301192989
0.6699849136390484
0.8132075258744258
0.8157357140438595
0.6555230753603233
0.8289033607596603
