0.3945298318642376
0.4153678242167391
0.4826638178085363
0.3627470770991536
0.46391611675157257
0.4948147459524907
0.3485531808519922
0.38017110069833066
0.38475491230879283
0.3469529491319611
0.384811543384797
0.37135648268777827
0.406968788799855
0.439253017724887
0.39645776553998396
0.3766042088484549
0.3623319864590904
0.38331182151363574
0.3482548957537169
0.38461206710775914
0.5111219941757409
0.4244375392656501
0.45013586186489124
0.3834705899238628
0.4403644603225352
0.41711629015663365
0.4352721006477747
0.44328308849395054
0.46458767656649275
0.36629702727539565
0.40072198389757757
