0.17225023264621744
0.08595271245781787
0.2032394979683365
0.06789344010717357
0.07130503888223665
0.15048602725001395
0.09147320692401466
0.19551141092706079
0.1355143829123704
0.16015030028760815
0.1012063726775645
0.0701168594316
0.15409460489103716
0.1643753625795197
0.08613579293546046
0.08675153661645674
0.08511816327588241
0.07022556037400061
0.18719940983517472
0.21312758439877647
0.0741149258047476
0.11544631540492563
0.16686132115548366
0.22326486636088824
0.2503440473618913
0.10989302411017028
0.172931020956263
0.08177133073536415
0.08174983100931488
0.17303148261325044
0.07645217453729859
