1.4759621618462226
1.552031664636194
1.4699015050222715
1.579671152331643
1.3655557440022834
1.444314571481104
1.537912797526156
1.4771940831031147
1.4288256315049412
1.4945296657085978
1.5031386520729917
1.5583260144645665
1.4326368643428422
1.504682038616876
1.1914887859985157
1.5205047017376447
1.473564018605065
1.245417328889491
1.5153356020143691
1.4666486544450787
1.3243449201849822
1.0011809128317322
1.1104910380036235
1.405358440559929
1.488966576563413
1.3877684661792946
1.1191352308783915
1.06847860055389
1.512633701261672
1.1411889741336652
1.4736856249666952
