0.5409176943400066
0.4383930781253888
0.5501155945265926
0.5542346416769278
0.5409176943400066
0.5531988173451454
0.4287700974820698
0.38898962908848517
0.5501155945265926
0.548990968186072
0.38898962908848517
0.3901572832552002
0.5442166071600837
0.5442166071600837
0.5408811298730757
0.3879714211017584
0.3851588965496829
0.3879714211017584
0.6706611833329982
0.4383930781253888
0.5409176943400066
0.5507264376221863
0.5531988173451454
0.3747723694575031
0.5451951636155757
0.5409176943400066
0.5410639274978926
0.5442166071600837
0.5531988173451454
0.37729819868471354
0.4289199826728978
