0.16222763413428212
0.15606489129539367
0.15606489129539367
0.15634719294719596
0.15634719294719596
0.12629646083395452
0.15634719294719596
0.156410241291736
0.156410241291736
0.156410241291736
0.15634719294719596
0.15607465816685678
0.15606489129539367
0.1559560484667083
0.15588659397012156
0.15596983041718235
0.16253100808646945
0.15634719294719596
0.1623852413270899
0.1556949359461283
0.156410241291736
0.11364920980855255
0.15548031356525743
0.15634719294719596
0.1528297900819969
0.15634719294719596
0.15528211910427234
0.15308769425325383
0.15547545205129118
0.16247033498806063
0.15634719294719596
