0.12722855304613698
0.05974842767295598
0.11666666666666665
0.14099797436347955
0.05031446540880503
0.03459119496855346
0.040880503144654086
0.025157232704402514
0.03459119496855346
0.0660377358490566
0.040880503144654086
0.03459119496855346
0.009433962264150943
0.009433962264150943
0.03773584905660378
0.03459119496855346
0.03459119496855346
0.03459119496855346
0.11666666666666665
0.12722855304613698
0.025157232704402514
0.0660377358490566
0.018867924528301886
0.025157232704402514
0.022012578616352207
0.009433962264150943
0.12722855304613698
0.04716981132075473
0.031446540880503145
0.022012578616352207
0.031446540880503145
