1.1039622552436175
1.287219137312551
1.1925308031744726
1.0691380044481733
1.3150933090969368
1.3901897517562218
1.1591289533130755
1.3204129347652656
1.4724291306166895
1.0625172705595394
1.1591289533130755
1.343658104662967
1.3232916461296744
1.191567929436864
1.1943402133152012
1.4830649254830943
1.4796128870100747
1.432065212745449
1.1267338857745681
1.3149855261416314
1.3204129347652658
1.156806998285584
1.1643318046965234
1.3204129347652658
1.553588609814618
1.337940575357115
1.1729795319693845
1.1653099491842052
1.4464736269843963
1.4839940173699784
1.370677544901737
