0.18879363355840983
0.1725498448484309
0.18158251169282102
0.183539599686315
0.1682292020478551
0.17621253404726553
0.16487887402076137
0.14142135904709938
0.14204928751222742
0.16296525504591752
0.17536562431625732
0.18866058620583137
0.20303571593132336
0.1613606710625373
0.167571579477994
0.14204928751222742
0.1584311003611222
0.20660242341643947
0.19172592610926364
0.12530704264218606
0.15097069186881945
0.16179592875407597
0.2023706365877465
0.16251753220230253
0.14580457789868712
0.1697002961123048
0.16129388241272505
0.14204928751222742
0.19233540891185885
0.18081080494789328
0.15766550081796626
