0.7232704402515723
0.9433962264150944
0.8490566037735849
0.8867924528301887
0.7232704402515723
0.9867924528301887
0.9257861635220126
0.7666666666666666
0.8490566037735849
0.7666666666666666
0.9213836477987422
0.8679245283018868
0.9245283018867925
0.7666666666666666
0.8867924528301887
0.8490566037735849
0.7666666666666666
0.7666666666666666
0.5786163522012578
0.7088050314465408
0.9245283018867925
0.8490566037735849
0.679874213836478
0.9433962264150944
0.920125786163522
0.7232704402515723
0.9779874213836478
0.8490566037735849
0.9433962264150944
0.7232704402515723
0.7088050314465408
