1.1655475434852087
1.1482695851675022
1.1193081254822204
1.112703496527178
1.1183431404973028
1.2689569156877107
1.355466005648041
1.0
1.0
1.0658867798582032
1.3122450679514108
1.1215586335377328
1.1539503464335734
1.1573140486861921
1.221512888579197
1.0
1.0658867798582032
1.1765501020023021
1.0
1.2813002844448278
1.062806642273408
1.0636260644121447
1.2599651500095244
1.0625758622449126
1.4235907821032465
1.1575576941308425
1.3365555513617233
1.0
1.1553458187199015
1.1510310697670862
1.338007430668431
