0.8660254037844386
0.8531271017918668
0.8531271017918668
0.8660254037844386
0.8660254037844386
0.8531271017918668
0.6264911360127424
0.8531271017918668
0.8531271017918668
0.8531271017918668
0.8660254037844386
0.8531271017918668
0.8531271017918668
0.8660254037844386
0.8531271017918668
0.8531271017918668
0.8660254037844386
0.8531271017918668
0.652603380626782
0.8531271017918668
0.7609521281126116
0.8660254037844386
0.8470832468191329
0.8660254037844386
0.8660254037844386
0.8531271017918668
0.8531271017918668
0.8660254037844386
0.8660254037844386
0.7400479433895382
0.8660254037844386
