0.17720366063642115
0.17781821942964599
0.17720366063642115
0.17154274738414418
0.10266062877186258
0.14543121032541254
0.11257210997169005
0.13490948339063066
0.17720366063642115
0.17720366063642115
0.14272112530443626
0.14195470330349305
0.10345953160591513
0.048655476278635125
0.13492173469775293
0.11985900207044299
0.11257210997169005
0.18162575313664103
0.13490948339063066
0.15076654250230928
0.12167636941264268
0.07524066120987508
0.16667011283941824
0.10178350048876952
0.07524066120987508
0.06819742465497257
0.07692738573780511
0.059163591940440456
0.13492173469775293
0.17720366063642115
0.17720366063642115
