0.883153230911587
0.8735796743579795
0.883153230911587
0.5671248453522578
0.5202132010582613
0.7634898593203387
0.4868847143483347
0.5760957397131915
0.883153230911587
0.883153230911587
0.7638415774017774
0.7747723131254867
0.4942211902845293
0.4866380260494769
0.5746234301171995
0.4959322532385749
0.4868847143483347
0.8742180219663355
0.5760957397131915
0.5643858756755906
0.5625751812771815
0.5677870807655667
0.8454967318278943
0.4868847143483347
0.5677870807655667
0.4868847143483347
0.4868847143483347
0.48258910058283533
0.5746234301171995
0.883153230911587
0.883153230911587
