0.023809523809523808
0.1353700403947316
0.023809523809523808
0.08389228574409703
0.18636363636363634
0.14863766850017912
0.07200941750488951
0.011904761904761904
0.023809523809523808
0.023809523809523808
0.1353700403947316
0.023809523809523808
0.01645021645021645
0.21363636363636362
0.01645021645021645
0.011904761904761904
0.07200941750488951
0.25628952689300744
0.011904761904761904
0.12219996563340473
0.20225192493430255
0.1727272727272727
0.7402497402858372
0.07200941750488951
0.1727272727272727
0.07200941750488951
0.07200941750488951
0.13181818181818183
0.01645021645021645
0.023809523809523808
0.023809523809523808
