0.09995301513098123
0.017514118809805888
0.12767319495723234
0.0165585115429719
0.1007625444821444
0.022339692096246755
0.08054419661630462
0.10013367997056273
0.09896514478906442
0.10021640674488604
0.09925922416127919
0.09982675840829126
0.09984618968818286
0.08029968510416909
0.0990741263949764
0.09896514478906442
0.10044446410135692
0.022249317210194297
0.08418139180812892
0.10038414919634658
0.09896514478906442
0.09984618968818286
0.080748601778449
0.09858799795867046
0.09856755863296783
0.09968730542268496
0.08108418254934509
0.027894463280692117
0.09957811720951532
0.0990741263949764
0.09995301513098123
