0.6666666666666667
0.6666666666666667
0.9841269841269842
0.9470899470899471
0.6666666666666667
0.9523809523809523
0.6666666666666667
0.6666666666666667
0.634920634920635
0.873015873015873
0.6666666666666667
0.6666666666666667
0.9841269841269842
0.6560846560846562
0.9841269841269842
0.9894179894179894
0.9735449735449735
0.9523809523809523
0.634920634920635
0.5820105820105821
0.9841269841269842
0.9841269841269842
0.6666666666666667
0.6666666666666667
0.9841269841269842
0.9841269841269842
0.9788359788359788
0.6666666666666667
0.9365079365079365
0.6666666666666667
0.9841269841269842
