0.6339060766935276
0.6339060766935276
0.6913312311653035
0.637733973285713
0.8347675739066979
0.8405785818003716
0.8347675739066979
0.6339060766935276
0.8326097638438975
0.4610764473488357
0.8347675739066979
0.8390665466110787
0.6339060766935276
0.4948856607457753
0.8267610316341051
0.6423946429445813
0.4948856607457753
0.8405785818003716
0.8326097638438975
0.6273710539750372
0.6781808733549509
0.6913312311653035
0.8347675739066979
0.6339060766935276
0.6915527094241021
0.6915527094241021
0.6234298921456256
0.8347675739066979
0.6859999037731859
0.8347675739066979
0.6913312311653035
