0.9956709956709957
0.9956709956709957
0.8173160173160173
0.9965367965367965
0.9965367965367965
0.9965367965367965
0.8519480519480519
0.9523809523809523
0.9965367965367965
0.9948051948051948
0.9826839826839827
0.9523809523809523
0.9965367965367965
0.9948051948051948
0.9965367965367965
0.9878787878787879
0.9965367965367965
0.9965367965367965
0.9861471861471861
0.9956709956709957
0.9956709956709957
0.9965367965367965
0.9965367965367965
0.9965367965367965
0.9965367965367965
0.8865800865800866
0.8865800865800866
0.9965367965367965
0.9956709956709957
0.9965367965367965
0.9965367965367965
