1.1813627404610325
1.1813627404610325
1.4729923586964868
1.1804490988011072
1.180449098801103
1.1804490988011012
1.241820892027983
1.0
1.3151007342277652
1.317101034357956
1.2720820740094338
1.0
1.180449098801106
1.1823592030454035
1.1804490988011007
1.193176296587884
1.1804490988011074
1.180449098801101
1.1966096871565892
1.3160801620438916
1.3160801620438916
1.3151007342277652
1.3151007342277652
1.3151007342277652
1.180449098801101
1.478276020483938
1.4140600827520344
1.1804490988011045
1.1813627404610325
1.1804490988011012
1.1804490988011003
