0.053844439897261315
0.12530191008709315
0.12477418019359217
0.12477457760512246
0.12479312206892766
0.0513030771357344
0.05781699842623456
0.05574507578757892
0.05587645990280422
0.12424500698860891
0.12477404772280078
0.12477404772280078
0.0513030771357344
0.05000000037252903
0.059236203449396944
0.028267547473535434
0.0455549934490782
0.12477404772280078
0.028371966679793872
0.12477418019359217
0.038384972890086175
0.052661082475772364
0.12530191008709315
0.12479643329034396
0.12698951836733377
0.12470538408372744
0.12507634636999262
0.12778657825765596
0.1258370361841908
0.05257386622588569
0.12530191008709315
