0.9956709956709957
0.9523809523809523
0.9956709956709957
0.9948051948051948
0.9861471861471861
0.9965367965367965
0.7056277056277057
0.8121212121212121
0.8519480519480519
0.9948051948051948
0.9965367965367965
0.9965367965367965
0.9965367965367965
0.9272727272727272
0.9965367965367965
0.8874458874458874
0.8874458874458874
0.9965367965367965
0.8865800865800866
0.9956709956709957
0.8874458874458874
0.9913419913419913
0.9523809523809523
0.9852813852813853
0.722943722943723
0.9904761904761905
0.9212121212121213
0.7619047619047619
0.8857142857142857
0.9965367965367965
0.9523809523809523
