0.5746234301171995
0.883153230911587
0.5746234301171995
0.5732915146937215
0.5678598539361481
0.5760957397131915
0.5625751812771815
0.4799027928967348
0.4710302701591217
0.5732915146937215
0.5760957397131915
0.5760957397131915
0.5760957397131915
0.5760957397131915
0.49367872780011673
0.48486986668704113
0.48486986668704113
0.5760957397131915
0.48296992105710107
0.5746234301171995
0.48486986668704113
0.48812175672578545
0.883153230911587
0.5681144866228379
0.561012153381677
0.48740165166956906
0.4793242578188396
0.7638415774017774
0.48514809501961437
0.5760957397131915
0.883153230911587
