0.01645021645021645
0.023809523809523808
0.01645021645021645
0.020995670995670995
0.023809523809523808
0.011904761904761904
0.20225192493430255
0.12219996563340473
0.09635888528715805
0.020995670995670995
0.011904761904761904
0.011904761904761904
0.011904761904761904
0.03636363636363636
0.011904761904761904
0.07200941750488951
0.07200941750488951
0.011904761904761904
0.07200941750488951
0.01645021645021645
0.07200941750488951
0.023809523809523808
0.023809523809523808
0.023809523809523808
0.18879283629881852
0.023809523809523808
0.05181908726835192
0.1353700403947316
0.07200941750488951
0.011904761904761904
0.023809523809523808
