1.179502895919571
1.0
1.179502895919571
1.1804891399469586
1.1945934877292488
1.178598623501905
1.032979825583176
1.343874412466294
1.393482985008245
1.1804891399469586
1.178598623501905
1.178598623501905
1.178598623501905
1.0
1.3050338030981143
1.1222708470967269
1.4437600674039341
1.178598623501905
1.1277325113943972
1.179502895919571
1.4437600674039341
1.2660809289554744
1.0
1.1963892920338886
1.3613851030166784
1.2325117880267578
1.50409027118232
1.0791710528334937
1.2757241555305294
1.178598623501905
1.0
