0.0676102137307768
0.07924951175342429
0.07769968218232305
0.06122422587545237
0.04770160953874245
0.08124137287377031
0.014641236351768876
0.08223425744555081
0.08860663934686414
0.06564326926252045
0.05036618609348453
0.0676102137307768
0.04815103326442452
0.051164264562969464
0.04994937328224345
0.047932110157940314
0.08855696763865951
0.059346985724272286
0.05463023585774347
0.08411805856444846
0.06745372819798857
0.07254622546782792
0.04986091772141142
0.07953514473236906
0.07539820578189198
0.08904647782317529
0.05487954390090843
0.02428146776516823
0.057093701571045194
0.09876618697953772
0.08173423464593114
