0.3932356779721319
0.6524069333552346
0.47267938034258333
0.47267938034258333
0.4038043263097462
0.37230981046682304
0.4021667274076077
0.4021667274076077
0.37498295541071935
0.4668067643273158
0.39359836506812934
0.3932356779721319
0.3896895353309709
0.39359836506812934
0.3932356779721319
0.39359836506812934
0.47019991210284184
0.4668067643273158
0.4038043263097462
0.6411101330092789
0.3896895353309709
0.3896895353309709
0.39359836506812934
0.4021667274076077
0.4021667274076077
0.5365410293663555
0.538222675450867
0.4021667274076077
0.5344982737222429
0.5476499879023045
0.6437661117905955
