0.020689655172413793
0.06206896551724138
0.041379310344827586
0.041379310344827586
0.020689655172413793
0.0
0.03103448275862069
0.03103448275862069
0.03103448275862069
0.05517241379310345
0.0
0.020689655172413793
0.1280769046596533
0.0
0.020689655172413793
0.0
0.12000000000000002
0.05517241379310345
0.020689655172413793
0.20630206662150216
0.04137931034482759
0.1280769046596533
0.0
0.03103448275862069
0.03103448275862069
0.15757539064518594
0.14435659406696902
0.03103448275862069
0.18832935115755314
0.06206896551724138
0.15075767016449385
