1.3964865642896498
1.0
1.2861767993748583
1.2190203349620108
1.3630933680825186
1.5537375615171831
1.3221132123350903
1.3605733493770757
1.6202245348467934
1.2969649666574827
1.3595325726853542
1.3964865642896498
1.3054451738996191
1.3710082809673476
1.3592831829994487
1.3500397392661747
1.29047660572467
1.2564739799049338
1.3254969069600622
1.0
1.3425329805840913
1.3450947152891664
1.3595325726853542
1.3605733493770764
1.3231289504369246
1.2097597875815584
1.1248705516349822
1.3221132123350903
1.0
1.1954070307771123
1.0
