0.3817360096103974
0.5476499879023045
0.47267938034258333
0.4038043263097462
0.40749768927509483
0.47019991210284184
0.3932356779721319
0.6411101330092789
0.3880765167508951
0.3879923667209769
0.38460462296723963
0.35362455418246985
0.43931286626752886
0.41364878107800707
0.3896895353309709
0.5348429801456746
0.4680913441522411
0.39359836506812934
0.45388881595672037
0.4680913441522411
0.5341422296604472
0.47267938034258333
0.538222675450867
0.3884440209446015
0.5485286212856073
0.47019991210284184
0.47267938034258333
0.4622633339800042
0.5365410293663555
0.4656463357929854
0.538222675450867
