0.16476642733135746
0.06206896551724138
0.041379310344827586
0.020689655172413793
0.0
0.12000000000000002
0.020689655172413793
0.20630206662150216
0.020689655172413793
0.1329769147627595
0.0
0.0
0.18010587431214703
0.15862068965517243
0.1280769046596533
0.18010587431214703
0.1329769147627595
0.0
0.07241379310344828
0.1329769147627595
0.20630206662150216
0.12000000000000002
0.14435659406696902
0.0
0.05172413793103449
0.12000000000000002
0.12000000000000002
0.17228939118473355
0.15757539064518594
0.14435659406696902
0.14435659406696902
