1.2423764081467523
1.1259975833034788
1.2144122908853934
1.2994846201375734
1.3236739614401398
1.2129231712328647
1.343846741194961
1.0876838241874118
1.3518526276472078
1.2419500870997586
1.3651385370148497
1.6279912717374925
1.146822860634478
1.5116538090116627
1.2984530689091218
1.1228331802206926
1.2160230560027288
1.344085415964184
1.144506321205856
1.2791482747257457
1.0
1.0
1.0
1.3954801565786588
1.0997992968211308
1.2129231712328647
1.2095773298862524
1.262700317855751
1.2007475518100617
1.0
1.1975907373650991
