0.08841544649332633
0.08820205358683872
0.0884153997567813
0.07205062416383501
0.08820730058657433
0.0884153997567813
0.07060882093294536
0.08841558670281321
0.035819009481168014
0.0884153997567813
0.04159000582886383
0.03672879365542938
0.07048980853947928
0.0884153997567813
0.08841558670281321
0.019616789831060095
0.08804149512797227
0.08841544649332633
0.0884153997567813
0.0884153997567813
0.0884153997567813
0.035819009481168014
0.08820205358683872
0.0884153997567813
0.035819009481168014
0.08820205358683872
0.08841558670281321
0.05560098322209281
0.08929614064031499
0.02107744562357532
0.020046005382470814
