0.5746234301171995
0.4959322532385749
0.5760957397131915
0.4959322532385749
0.48740165166956906
0.5760957397131915
0.4959322532385749
0.5732915146937215
0.5760957397131915
0.5760957397131915
0.48710482840131736
0.5760957397131915
0.4764461202550813
0.5760957397131915
0.5732915146937215
0.4942211902845293
0.5746234301171995
0.5746234301171995
0.5760957397131915
0.5760957397131915
0.5760957397131915
0.5760957397131915
0.4959322532385749
0.5760957397131915
0.5760957397131915
0.4959322532385749
0.5732915146937215
0.41694094123907527
0.4825663573729948
0.48486986668704113
0.4959322532385749
