0.01709546935325941
0.013985669591661037
0.01766344762104765
2.6017447567127134E-9
2.7063293869529774E-4
2.6891558554379492E-9
0.0011375171702056614
2.5936522184705443E-9
0.011059406834943991
0.015925855727943618
0.011059406834943991
0.014298983972227473
0.0011899645477964468
0.016742944857287927
0.00902893346177293
0.015275689744513366
0.001189964547796288
0.011528297302672155
0.011004079989522336
3.58097813349793E-9
3.775301133493532E-9
0.014298983972227473
3.041326806391369E-9
3.5692179108567323E-9
0.016355295631040184
0.01472510591333811
2.6017447567127134E-9
0.0012203515118655649
0.022161809046488016
2.6098122016319516E-9
0.0010004881621041785
