0.8885244423614602
0.9323890171181826
0.9348377966161986
0.9300862710138261
0.9278396868945711
0.9300862710138261
0.984262672882985
0.8626887474361724
0.9844985643315036
0.9350736880647172
0.9844985643315036
0.9447452367539836
0.984262672882985
0.9133716731711868
0.9655486162963486
0.9350736880647172
0.984262672882985
0.9323890171181826
0.986385695889189
0.9863070654063495
0.9300862710138261
0.9447452367539836
0.9878796750397068
0.9863070654063495
0.9447452367539836
0.9429367356791377
0.9300862710138261
0.984262672882985
0.8806613947470397
0.9300862710138261
0.984262672882985
