0.047303031522375465
0.050303223894993275
0.04160793806443154
0.03688636485570879
0.043845222804813073
0.03688636485570879
0.031191271397764873
0.05738400527634364
0.031191271397764873
0.04160793806443154
0.031191271397764873
0.035912844606487616
0.031191271397764873
0.047303031522375465
0.02598293806443154
0.04160793806443154
0.031191271397764873
0.050303223894993275
0.025496177939820952
0.025496177939820952
0.03688636485570879
0.035912844606487616
0.015079511273154282
0.025496177939820952
0.035912844606487616
0.04160793806443154
0.03688636485570879
0.031191271397764873
0.047303031522375465
0.03688636485570879
0.031191271397764873
