1.2583674710575248
1.2723034340918375
1.5172384351663062
1.0527762628061494
1.0644112358071043
1.0527762628061494
1.1129010233196819
1.0
1.5126562044278218
1.5042380105999975
1.5126562044278218
1.2761843849525423
1.1129010233196817
1.354659365441988
1.3773117337173426
1.5042380105999975
1.1129010233196817
1.2723034340918375
1.5103107755759608
1.1006578796190123
1.0527762628061494
1.2761843849525423
1.4192052883355117
1.1006578796190123
1.2761843849525423
1.4990334720527678
1.0527762628061494
1.1129010233196812
1.2609674940402307
1.0527762628061494
1.1129010233196819
