0.6620689655172414
0.8
0.1862068965517241
0.9413793103448276
0.896551724137931
0.9482758620689655
0.9137931034482758
0.7586206896551725
0.7172413793103449
0.9655172413793104
0.7172413793103449
0.8620689655172413
0.7586206896551725
1.0
0.7586206896551725
1.0
0.9482758620689655
0.9655172413793104
0.18965517241379307
0.9137931034482758
0.9551724137931035
0.9655172413793104
0.7448275862068966
0.6758620689655173
0.9482758620689655
1.0
0.8
0.9482758620689655
0.9655172413793104
0.9724137931034482
0.9482758620689655
