0.38030046705538517
0.47019991210284184
0.46014902519209083
0.4680913441522411
0.5476499879023045
0.3880765167508951
0.6531446591759568
0.3879923667209769
0.38334631021447635
0.4038043263097462
0.6437661117905955
0.39129410655308494
0.3879923667209769
0.40749768927509483
0.4680913441522411
0.3884440209446015
0.4021667274076077
0.37344186699636067
0.4614521390499182
0.5207425189947428
0.39380113894962987
0.4038043263097462
0.4668067643273158
0.4622633339800042
0.4021667274076077
0.35621448231032105
0.47019991210284184
0.4021667274076077
0.3749829554107193
0.39175771407030696
0.4021667274076077
