0.18010587431214703
0.12000000000000002
0.6019769656289268
0.04482758620689655
0.06206896551724138
0.03103448275862069
0.05172413793103449
0.1329769147627595
0.15075767016449385
0.020689655172413793
0.15075767016449385
0.08275862068965517
0.1329769147627595
0.0
0.1329769147627595
0.0
0.03103448275862069
0.020689655172413793
0.6011132214431794
0.05172413793103449
0.0903448275862069
0.020689655172413793
0.138415788414775
0.17228939118473355
0.03103448275862069
0.0
0.12000000000000002
0.03103448275862069
0.020689655172413793
0.05517241379310345
0.03103448275862069
