1.3266605060473007
1.2129231712328647
1.2895753842932245
1.2562482448959449
1.1884049565886492
1.2965073668302405
1.0832898174828778
1.3011677302832185
1.2927185236404695
1.2994846201375736
1.1111825337186025
1.2367541775506747
1.3387975355961714
1.2519674363765594
1.2774826721603247
1.369061251673939
1.3153361617915384
1.5156056416847479
1.1335116971920798
1.5149318069954048
1.4752631103596479
1.2994846201375736
1.212839175339724
1.1181005287143422
1.3968534705134907
1.4385454771592527
1.2713537218718247
1.240742159501291
1.5154694033029108
1.448603393056808
1.3092458591184692
