0.9323890171181826
0.9300862710138261
0.880257009406722
0.8851545645254795
0.9300862710138261
0.984262672882985
0.9350736880647172
0.9300862710138261
0.8761682242990654
0.9300862710138261
0.9088785027232125
0.8761682242990654
0.8605769230948331
0.9300862710138261
0.9844985643315036
0.984262672882985
0.9532822631058463
0.9627965494379732
0.4153711173220087
0.9300862710138261
0.984262672882985
0.9300862710138261
0.8605769230948331
0.9655486162963486
0.9300862710138261
0.8626887474361724
0.9303446261682242
0.3870866225853611
0.8806613947470397
0.9300862710138261
0.8626887474361724
