0.231877156626301
0.29080365179801443
0.22367534381220325
0.24986039936805704
0.29080365179801443
0.28844785881748514
0.22897113243380737
0.29080365179801443
0.23728445459567202
0.29080365179801443
0.22559400513980507
0.29645874055557225
0.23145344778595833
0.29080365179801443
0.22837448797855667
0.28844785881748514
0.23666384827370704
0.24282144825842641
0.24698465948056644
0.29080365179801443
0.28844785881748514
0.29080365179801443
0.23145344778595833
0.23666384827370704
0.29080365179801443
0.29230058908819434
0.2928784109263561
0.256314414106189
0.2364556977829048
0.29080365179801443
0.29230058908819434
