0.050303223894993275
0.03688636485570879
0.047303031522375465
0.047303031522375465
0.03688636485570879
0.031191271397764873
0.04160793806443154
0.03688636485570879
0.047303031522375465
0.03688636485570879
0.047303031522375465
0.047303031522375465
0.0703125
0.03688636485570879
0.031191271397764873
0.031191271397764873
0.02598293806443154
0.03688636485570879
0.37381135263866994
0.03688636485570879
0.031191271397764873
0.03688636485570879
0.0703125
0.02598293806443154
0.03688636485570879
0.05738400527634364
0.04160793806443154
0.3838933340319442
0.047303031522375465
0.03688636485570879
0.05738400527634364
