1.2463889696017492
1.0511360598804484
1.3868974438248054
1.1515128096900125
1.0511360598804484
1.1058114771143606
1.4562508889398538
1.0511360598804484
1.2621895506176948
1.0511360598804484
1.4555586662723776
1.0
1.2523185592924257
1.0511360598804484
1.4638679434586985
1.1058114771143606
1.2954158043873212
1.2293102297401972
1.368746601327277
1.0511360598804484
1.1058114771143606
1.0511360598804484
1.2523185592924257
1.3414038812963252
1.0511360598804484
1.0
1.0658377667309062
1.3363869902547243
1.2528570363367129
1.0511360598804484
1.0
