0.1828334549019271
0.19037291305570264
0.19277884497094588
0.20017353656881734
0.19015733167588802
0.19467764533865967
0.19888922837573633
0.20017353656881734
0.21686281159778495
0.1792018590505364
0.19783765952681553
0.2009619241262912
0.17995495783132118
0.11135788975979694
0.1217148822007456
0.1999282622747933
0.19262194909881145
0.2227391957063327
0.17819625491521981
0.22110832070488734
0.19783765952681553
0.20921151769639879
0.16667824637344222
0.2241199913015079
0.18576176463071498
0.20017353656881734
0.1586569771776693
0.22110832070488734
0.17774459467769696
0.22985355594205598
0.2306960429523696
