0.6234298921456256
0.6339060766935276
0.639438418795025
0.6915527094241021
0.6278998159509188
0.6339060766935276
0.6339060766935276
0.6915527094241021
0.8326097638438975
0.6915527094241021
0.6913312311653035
0.6339060766935276
0.6861761745385868
0.5040363664792219
0.4948856607457753
0.6339060766935276
0.6423946429445813
0.6898893693192575
0.6861394551968486
0.8347675739066979
0.6913312311653035
0.6913312311653035
0.6278998159509188
0.8267610316341051
0.5922469876131142
0.6915527094241021
0.6788892785700178
0.8347675739066979
0.4948856607457753
0.8405785818003716
0.837678116769084
