0.14530310041647385
0.11382113821138211
0.22764227642276422
0.11568718186024989
0.11383618695048589
0.13512262841277187
0.1883387320684868
0.12601626016260162
0.10596945858398889
0.13821138211382114
0.0975609756097561
0.0999537251272559
0.13373438223044887
0.15853658536585366
0.1031929662193429
0.1878759833410458
0.13651087459509487
0.0939379916705229
0.1031929662193429
0.11938917167977788
0.15178158260064784
0.11476168440536788
0.1018047200370199
0.11382113821138211
0.15853658536585366
0.13821138211382114
0.2926829268292683
0.14715409532623785
0.13604812586765386
0.21544715447154472
0.21138211382113822
