0.026872230200450445
0.06458749406055266
0.042022817822144336
0.04694684359960146
0.017547121520311685
0.024725442365178704
0.037714449515601295
0.036705870799592505
0.04993386482781978
0.04212891100633966
0.033774153037566125
0.036901712220153364
0.03095989477242699
0.043705454683035605
0.03187536567636242
0.030193773018191733
0.054398814998386065
0.033804567656197874
0.03529694140539894
0.042218950097661176
0.0239866835966106
0.034741933975073344
0.03657850338252313
0.047729101516400724
0.04513400246715366
0.054873642104620826
0.04027452716076724
0.05790834207909757
0.03550139002875423
0.03431456486900533
0.062418910727621776
