0.0971558419445766
0.08359529460016259
0.16662177202407638
0.08296839209431521
0.07611486400345119
0.08819204348507302
0.11814218206784978
0.10468428630154208
0.07875264504608981
0.10971264790466435
0.08080392889985617
0.0818681424021565
0.09974202146792839
0.1006282992115146
0.06293329418600445
0.16033790113084137
0.11073093801750816
0.06550185096535292
0.06417420810820933
0.08373852558755289
0.09887054823907176
0.07403219035749665
0.07794241196759066
0.09749681876322303
0.11966375889098659
0.10874017314767377
0.20083393784735745
0.12494532444552603
0.11538184039551334
0.1472152021388959
0.16160405682284937
