1.4419769165030696
1.1429353203054535
1.0
1.0843732947435603
1.1616357331671978
1.2130290964371369
1.0
1.4498071929608038
1.1786547561216942
1.3634571771290314
1.2739923762841512
1.292222150453984
1.0755266404447557
1.3072149791038956
1.2660523828085124
1.1417465889566827
1.2747853413183894
1.0839703294030187
1.0839475978814552
1.0884569518043816
1.0333581660220668
1.0398392609697553
1.422181912005249
1.0782216084538276
1.3294134596938403
1.0
1.395101323676417
1.199744962054037
1.271687914065063
1.000576889754275
1.0802363872761935
