0.11899730138852227
0.14978122628267282
0.1854769282762593
0.1469067377659101
0.18448169478424992
0.1446192416727493
0.14437573227692668
0.1518643183155853
0.1448744044811523
0.14865187566754567
0.14499354002023945
0.1868492866173401
0.18759003294246454
0.14306722169466998
0.14204928751222742
0.12245534157231448
0.14859731637724743
0.18864343479892146
0.14500449289104775
0.14645716858847035
0.19041058902631247
0.18766670711665462
0.1492176194124218
0.14635696133965298
0.14306722169466998
0.18601820982514766
0.15235392855960175
0.14806489227055258
0.09809498354764366
0.18119463090725876
0.14285367418446648
