0.5000743107680405
0.7784038873177664
0.5000743107680405
0.5000743107680405
0.7784038873177664
0.5000743107680405
0.5000743107680405
0.8625860518171717
0.5549046268679141
0.7772095628195398
0.8636623206107849
0.5549046268679141
0.5338372083874859
0.8625860518171717
0.4958957592506778
0.49791479579978104
0.7784038873177664
0.5000743107680405
0.4958957592506778
0.7784038873177664
0.5000743107680405
0.8625860518171717
0.4940189235136001
0.5000743107680405
0.5000743107680405
0.5000743107680405
0.549859457643141
0.549859457643141
0.5000743107680405
0.5000743107680405
0.8636623206107849
