0.11397057908872198
0.13197752088604106
0.14348620269806542
0.11576017400950489
0.11059176888059435
0.12704992653532704
0.10754941749741344
0.1279947140179873
0.12500796565344185
0.12624090751881012
0.11389387610741751
0.12644696110837322
0.10618429068883563
0.12529095050452946
0.1002620937987323
0.09030730480193044
0.09776701522264014
0.12666338158970045
0.14355095120892197
0.10072599702370193
0.10824692583703178
0.12475562102166649
0.12460952394074078
0.110554615927809
0.11340776856948517
0.12177311155485765
0.10447921162781013
0.09530485924034839
0.11722675002290633
0.14927110350266667
0.13990524611606164
