1.4600699539925053
1.1616745560085995
1.256761894050685
1.161791236158586
1.4561048778451118
1.3410884521159356
1.3293314122829527
1.3169242825873153
1.3232916461296744
1.3523917012150313
1.0641564519074822
1.3388092421912656
1.191567929436864
1.3232916461296744
1.073873355549762
1.4024395260103155
1.2887429618392248
1.360297911285828
1.2064115381066411
1.0673027863026106
1.4271429281050199
1.3232916461296744
1.3232916461296744
1.0639207120674996
1.462392799398343
1.3453791184322013
1.3791279641135783
1.1475881325621022
1.1126753369979545
1.1138487754870325
1.174945326839328
