0.06542056074766354
0.06542056074766354
0.06542056074766354
0.06542056074766354
0.06542056074766354
0.06542056074766354
0.06542056074766354
0.4615384707084069
0.09375
0.09375
0.06542056074766354
0.07692304024329555
0.06542056074766354
0.06542056074766354
0.06542056074766354
0.06542056074766354
0.06542056074766354
0.06542056074766354
0.384615421295166
0.384615421295166
0.09375
0.06542056074766354
0.06542056074766354
0.06542056074766354
0.09375
0.06542056074766354
0.06542056074766354
0.07692304024329555
0.4672897196261682
0.06542056074766354
0.265625
