3.6908318107946887E-9
4.4194173827530743E-4
0.002490852935057165
5.486662678523443E-9
3.125000000223345E-4
5.486662678523443E-9
5.486662678523443E-9
0.049311930434212184
0.031422496209519764
0.023924989099239978
6.250000000238135E-4
3.667978143440106E-9
5.486662678523443E-9
3.1250000004789534E-4
0.032177922682367945
5.486662678523443E-9
0.0030777680630661216
0.0317718511078715
0.024183619190078123
0.02575633701666588
0.024262405539430584
5.471315340307336E-9
5.486662678523445E-9
5.486662678523443E-9
0.029095624932916418
0.0030777680630661706
3.6908318107946887E-9
0.03816051256424693
0.04918777370110776
5.486662678523443E-9
0.02503263954504448
