0.03688636485570879
0.020287844606487616
0.03688636485570879
0.03688636485570879
0.031191271397764873
0.03688636485570879
0.03688636485570879
0.36694401654177683
0.06169341081088112
0.050303223894993275
0.031191271397764873
0.05738400527634364
0.025496177939820952
0.031191271397764873
0.047303031522375465
0.03688636485570879
0.020287844606487616
0.047303031522375465
0.25930555641542374
0.2755353314852394
0.06169341081088112
0.03688636485570879
0.03688636485570879
0.03688636485570879
0.050303223894993275
0.031191271397764873
0.03688636485570879
0.04006720926280782
0.419737631731854
0.025496177939820952
0.2128292402822829
