0.0
0.0
0.04310344827586207
0.05603448275862069
0.1206896551724138
0.09482758620689655
0.017241379310344827
0.017241379310344827
0.017241379310344827
0.04310344827586207
0.0
0.0
0.017241379310344827
0.0
0.09482758620689655
0.0
0.030172413793103446
0.017241379310344827
0.008620689655172414
0.0
0.017241379310344827
0.0
0.017241379310344827
0.04310344827586207
0.008620689655172414
0.017241379310344827
0.008620689655172414
0.04310344827586207
0.06896551724137931
0.017241379310344827
0.04310344827586207
