0.05089457089384168
0.016169670773290606
0.04738576341640349
0.03047200887965599
0.02045930459528134
0.041113213406916184
0.03757226367658461
0.04665714130783863
0.025729668592125065
0.048048182351512106
0.043899663870327635
0.037579244959331855
0.04856519290499918
0.06495109525518311
0.04934996460660652
0.06606272897525979
0.03587300480317951
0.038871262505014485
0.0450402077115224
0.03976911705610067
0.05523898948910877
0.03109200425195729
0.04703776474941163
0.03466572377573061
0.02472925231458151
0.02253666756220358
0.045069079259638746
0.022249179822642958
0.04128326368242476
0.030480343544364318
0.052883446025396186
