0.49361289460080876
0.3787515968849877
0.4407475218307558
0.43351295117711436
0.3912871815037126
0.475020637961264
0.46555433882019037
0.4494749541188218
0.42283382331977853
0.41913067548521776
0.4732363752106759
0.41262529557095956
0.42657527170802734
0.489767086674336
0.45088342317108093
0.48511712502223786
0.42759716788285046
0.44816402851848963
0.42658216504314356
0.4706807341349482
0.3888037292482644
0.41808767923282786
0.46913128135621274
0.450646985264912
0.4226603690052455
0.41502811298600334
0.4623791337927361
0.3621826203240493
0.4775819931432914
0.3799712585016364
0.5018658830654162
