0.09132912373668235
0.07270611752216108
0.1298224328182683
0.07254598997002647
0.09742940669420698
0.1027492859451999
0.08852251391846992
0.08870930814319881
0.1021994869684691
0.06708051939488731
0.1717498896986449
0.10032605381053523
0.094201444650072
0.0766176128949887
0.07736858981804344
0.10744555034166116
0.0778769201969735
0.10223158537475317
0.1086205879110113
0.09835565948546278
0.08289289688263764
0.14144669067920165
0.1007605314277724
0.0784109932652456
0.11068896742912693
0.09913592564018975
0.14078995338455344
0.09099968224510208
0.08279432962613016
0.09508737453827822
0.12340781210960583
