0.05257779840703963
0.054599548872294096
0.04026158204931136
0.0468050512969772
0.057459342950015715
0.0496642003482774
0.05690610302123618
0.060609389044556664
0.03681295683328025
0.03236997843059005
0.03445506733460734
0.055180470636479385
0.040935511462673116
0.04589674980073509
0.07164180098805005
0.054781223869567325
0.0469705539838208
0.05198803438919577
0.052371325357032976
0.0351626797409728
0.0622222087622269
0.04928571518256051
0.058399742856580235
0.03315416703797205
0.04711870292193498
0.04329280834866297
0.03367049372272295
0.05405773912484916
0.04458549399099963
0.049794860754440826
0.044211390294566916
