0.639438418795025
0.6913312311653035
0.8267610316341051
0.6339060766935276
0.8347675739066979
0.8267610316341051
0.8267610316341051
0.8347675739066979
0.8267610316341051
0.6913312311653035
0.6913312311653035
0.8326097638438975
0.8347675739066979
0.8267610316341051
0.8347675739066979
0.8405785818003716
0.8267610316341051
0.6234298921456256
0.8347675739066979
0.639438418795025
0.8347675739066979
0.6915527094241021
0.6861761745385868
0.8347675739066979
0.639438418795025
0.639438418795025
0.5059123862221819
0.8347675739066979
0.6915527094241021
0.8347675739066979
0.6423946429445813
