0.10565930627321832
0.09505062075748265
0.09073459933628579
0.10382274179368636
0.09500091395396842
0.10106977838480465
0.09476899262627261
0.09346217766983128
0.10773128239843079
0.11188389047715636
0.10052954397452865
0.11062102648270536
0.10717097430316423
0.10700903316536774
0.10534582652658454
0.10156607425542016
0.10050274132270232
0.1609500413509782
0.106904033340243
0.1073157341298864
0.09302083934337466
0.11095475268935086
0.09109099549810465
0.09736104213640244
0.10361304626320031
0.0930754829464779
0.1148093461932782
0.10474054565812399
0.11492677797102821
0.1083467506236685
0.1149903303221333
