0.6915527094241021
0.6339060766935276
0.6379720977767069
0.6423946429445813
0.6915527094241021
0.5922469876131142
0.6423946429445813
0.6339060766935276
0.5922469876131142
0.8267610316341051
0.6781808733549509
0.8267610316341051
0.6423946429445813
0.6387851300626688
0.6915527094241021
0.634169449142758
0.6423946429445813
0.6915527094241021
0.6915527094241021
0.6915527094241021
0.6339060766935276
0.8267610316341051
0.6915527094241021
0.6423946429445813
0.6423946429445813
0.639438418795025
0.6915527094241021
0.6913312311653035
0.8405785818003716
0.6915527094241021
0.6915527094241021
