1.1222326602745112
1.242351535184849
1.1848172237403416
1.2233614145051754
1.1222326602745216
1.2623449604145673
1.1450001867588775
1.242351535184849
1.2623449604145673
1.0819140633794249
1.2994291997832828
1.0819140633794229
1.1450001867588777
1.1821439927931343
1.1222326602745116
1.1931493858980924
1.1450001867588775
1.1208182547301575
1.1222326602745099
1.1222326602745094
1.242351535184849
1.0819140633794229
1.1222326602745254
1.2286014957865705
1.2307354097431864
1.1755150856240937
1.100517215308952
1.202907658725504
1.0
1.1934098866144833
1.10818861697426
