0.16247033498806063
0.12543864365166504
0.15634719294719596
0.12570357550543004
0.15634719294719596
0.156410241291736
0.15634719294719596
0.16253100808646945
0.15634719294719596
0.16247033498806063
0.11917599800384206
0.15569687780172747
0.15275428823736178
0.1253522813810131
0.11364920980855255
0.1253522813810131
0.15597176885033293
0.15606489129539367
0.1253522813810131
0.156410241291736
0.1561342664785273
0.15606521417694658
0.162789676563876
0.15351262761822823
0.16253100808646945
0.15596983041718235
0.15634719294719596
0.16261875254820354
0.12531519219659873
0.12531519219659873
0.15596983041718235
