0.03602529043058128
0.026479632651758466
0.4996744888462275
0.04284667621923291
0.03915235353790618
0.02724122167764108
0.026460985871091056
0.016347708489459798
0.03333759945012938
0.042565169152056014
0.02345354377774496
0.023022573974029452
0.036163414959870244
0.031634839064071184
0.022562914356054238
0.04221037610530358
0.027877867148843185
0.020379414143719493
0.047024792238386855
0.04744032313814865
0.0316399500873065
0.051824650979392456
0.03459943501121254
0.04485072044361724
0.038425793366569067
0.032978217800288874
0.03361907215315665
0.047658005352710864
0.04541628570745426
0.03484139596078572
0.01337961776490026
