0.8140653040033408
0.7926095642261375
0.7981851220640851
0.8006042068750164
0.7982001708031888
0.8218078802722317
0.7652547187202552
0.7860182164986851
0.8036591009130823
0.779344100706162
0.7968758817620569
0.7788625410548413
0.7792481649943755
0.7864170080849351
0.7022494102775364
0.8599921746556661
0.7722693122350012
0.6976783557747656
0.7673333258089639
0.8092986158922209
0.8243699281046489
0.8205099265245314
0.7679710161284862
0.7829219384280839
0.8027580576592439
0.8266479309864825
0.6819053961016242
0.7724705891205141
0.7205712501363792
0.7805780973126714
0.7639774569888226
