0.09664337770828847
0.09401384309730465
0.09165441534780143
0.11441089622420568
0.1012683273128952
0.08756763534592821
0.10841825934505485
0.09541646933973642
0.10127323224337399
0.09985299732005198
0.09792223248164228
0.10911364192865958
0.10123326175954911
0.09519245863415758
0.1435934747333292
0.0709923253098785
0.10983742023414217
0.14606809847468127
0.11730702571792072
0.0986259470462262
0.09377341017788844
0.07907745362509681
0.11187010283943472
0.09896607848175822
0.08882871839840341
0.07926394870501828
0.1552722604069684
0.10443510054988549
0.13783030475301924
0.1089890988821156
0.1097239868859554
