0.05284183575059478
0.0843249698443069
0.03487587353659652
0.06122422587545238
0.05518749716654013
0.07074414231973583
0.07885226859149058
0.08196669016227379
0.06668607647929882
0.07747234975973882
0.05698575872390363
0.05638650142432128
0.05122958553786379
0.01556887981527786
0.06564326926252045
0.07163225763274611
0.07924951175342429
0.07769968218232305
0.05110801019992473
0.08925618145146286
0.08988627687909531
0.06122422587545238
0.06692790800355276
0.10492254532323103
0.07904293735368513
0.07831147636450239
0.05282349831545816
0.06122422587545238
0.07406423859936997
0.06745372819798857
0.050343457964938026
