0.47267938034258333
0.6437661117905955
0.47267938034258333
0.47267938034258333
0.5365410293663555
0.3580623056401399
0.40749768927509483
0.47019991210284184
0.3932356779721319
0.35218604723439484
0.538222675450867
0.3884440209446015
0.3932356779721319
0.3961342967142197
0.4668067643273158
0.3879923667209769
0.6524069333552346
0.47267938034258333
0.3896895353309709
0.46816738785375633
0.4668067643273158
0.47267938034258333
0.39359836506812934
0.6414068147850045
0.6531446591759568
0.47267938034258333
0.3896895353309709
0.47267938034258333
0.3879923667209769
0.3896895353309709
0.3932356779721319
