0.06542056074766354
0.06542056074766354
0.06542056074766354
0.06542056074766354
0.4672897196261682
0.06542056074766354
0.06542056074766354
0.06542056074766354
0.06542056074766354
0.06542056074766354
0.06542056074766354
0.06542056074766354
0.06542056074766354
0.06542056074766354
0.09375
0.07692304024329555
0.06542056074766354
0.06542056074766354
0.06542056074766354
0.06542056074766354
0.06542056074766354
0.07692304024329555
0.06542056074766354
0.06542056074766354
0.06542056074766354
0.06542056074766354
0.06542056074766354
0.06542056074766354
0.06542056074766354
0.06542056074766354
0.06542056074766354
