4.202196869644041E-9
0.0015625000000059211
5.138443330607943E-9
0.022522561162855094
0.05376957758503395
3.816284041021402E-9
5.34695101852682E-9
5.486662678523443E-9
0.022522561162855094
4.281490594468809E-9
0.0017951758270499745
0.007247686558524508
0.01870859298488002
0.017454740634378744
0.03931459125284982
3.667978143440106E-9
0.022522561162855097
0.0017951758270499745
0.0015625000000059211
0.003045873232757768
3.780865328843743E-9
3.667978143440106E-9
0.024042896543879123
0.0017951758270499745
0.0017951758270499745
5.425012826586068E-9
0.0015625000000059211
4.5665959568172875E-9
4.301085617207528E-9
3.690831810794689E-9
0.0015625000000059211
