0.9300862710138261
0.986621587333021
0.9300862710138261
0.9350736880647172
0.27852038334650714
0.9532822631058463
0.9300862710138261
0.9300862710138261
0.9350736880647172
0.9300862710138261
0.984262672882985
0.8806613947470397
0.9348377966161986
0.8806613947470397
0.8469626168224299
0.8626887474361724
0.9350736880647172
0.984262672882985
0.986621587333021
0.9303446261682242
0.9300862710138261
0.8626887474361724
0.8885244423614602
0.984262672882985
0.984262672882985
0.9300862710138261
0.986621587333021
0.9300862710138261
0.9878796750397068
0.9300862710138261
0.986621587333021
