1.0522350510663574
1.4088329772788148
1.0522350510663574
1.4884038761801546
1.0562571446515412
1.3086780178278339
1.0522350510663574
1.0522350510663574
1.4884038761801546
1.0522350510663574
1.1105617117771822
1.2582913160774567
1.2792766081970786
1.2582913160774567
1.2694869277969596
1.0
1.4884038761801546
1.1105617117771822
1.4088329772788148
1.067252719809151
1.0522350510663574
1.0
1.2530140917038366
1.1105617117771822
1.1105617117771822
1.0522350510663574
1.4088329772788148
1.0522350510663574
1.406041360298604
1.0522350510663574
1.4088329772788148
