0.14902886171711488
0.07288721377943116
0.1221689781231437
0.11558966314646084
0.11464862136550538
0.0073148977364125576
0.0735818472920093
0.08501960752321269
0.04932193335506366
0.03413618943659197
0.07014622622145289
0.049861416333428776
0.10293632589463214
0.050806354820464535
0.08658413057885854
0.1170932148886431
0.0872359028706605
0.12925567655001027
0.056460230309007355
0.11029094019733328
0.07274146368137427
0.12124797743734728
0.1117041776237206
0.08070706514510544
0.08618658386561157
0.08663353947120825
0.1317489472932575
0.04932193335506366
0.10491315811057118
0.11522956375627715
0.09437998304261098
