0.15757539064518594
0.12000000000000002
0.05172413793103449
0.15075767016449385
0.138415788414775
0.03103448275862069
0.0
0.05172413793103449
0.12000000000000002
0.15862068965517243
0.05862068965517242
0.1329769147627595
0.16476642733135746
0.14435659406696902
0.041379310344827586
0.15757539064518594
0.1329769147627595
0.05172413793103449
0.138415788414775
0.041379310344827586
0.07241379310344828
0.020689655172413793
0.06206896551724138
0.14435659406696902
0.06206896551724138
0.12000000000000002
0.17241379310344826
0.12000000000000002
0.1329769147627595
0.06206896551724138
0.138415788414775
