0.05492728219041962
0.0805732443538634
0.07900897281382732
0.07852941319056778
0.14528875261002666
0.11094931645479415
0.11003751466675045
0.08070066546247734
0.11250578227795337
0.022241554185947233
0.08577090287927235
0.11175885428301129
0.07274146368137427
0.08194461385660716
0.11175885428301129
0.08312930072467876
0.07852941319056778
0.08084086449807856
0.08006352173425321
0.022973094400468578
0.08016479627587088
0.08250057902314664
0.11465328837669202
0.11393642681745106
0.11678536767386193
0.09581921612599718
0.14866578629845772
0.07792771713639966
0.09382633210447491
0.07537726512010151
0.017425756191412057
