0.041379310344827586
0.12000000000000002
0.12000000000000002
0.12000000000000002
0.09987346648689743
0.0
0.020689655172413793
0.16476642733135746
0.05172413793103449
0.0
0.12000000000000002
0.03103448275862069
0.07241379310344828
0.18010587431214703
0.03103448275862069
0.12000000000000002
0.12000000000000002
0.18010587431214703
0.03103448275862069
0.0
0.12000000000000002
0.1329769147627595
0.14435659406696902
0.05172413793103449
0.1329769147627595
0.12000000000000002
0.1329769147627595
0.1329769147627595
0.12000000000000002
0.020689655172413793
0.03103448275862069
