0.7666666666666666
0.6654088050314465
0.9389937106918239
0.9867924528301887
0.9389937106918239
0.8867924528301887
0.9779874213836478
0.9779874213836478
0.7666666666666666
0.9257861635220126
0.9867924528301887
0.9867924528301887
0.9257861635220126
0.9389937106918239
0.9691823899371069
0.9779874213836478
0.8867924528301887
0.9823899371069182
0.9867924528301887
0.9867924528301887
0.8823899371069183
0.8867924528301887
0.7666666666666666
0.6654088050314465
0.9867924528301887
0.9056603773584906
0.9691823899371069
0.7666666666666666
0.9389937106918239
0.9069182389937107
0.9056603773584906
