0.548990968186072
0.4828831600243033
0.5409176943400066
0.5442166071600837
0.5409176943400066
0.43929443303430626
0.3901572832552002
0.5440712213667407
0.548990968186072
0.37729819868471354
0.5442166071600837
0.5442166071600837
0.43670130735256046
0.5409176943400066
0.4383930781253888
0.3901572832552002
0.43929443303430626
0.5441166586001245
0.5442166071600837
0.5442166071600837
0.378255587058342
0.43929443303430626
0.548990968186072
0.4828831600243033
0.5442166071600837
0.3831149862675507
0.4383930781253888
0.548990968186072
0.5409176943400066
0.37273859332663983
0.3831149862675507
