0.11666666666666665
0.14646072023458906
0.025157232704402514
0.009433962264150943
0.025157232704402514
0.04716981132075473
0.022012578616352207
0.022012578616352207
0.11666666666666665
0.0440251572327044
0.009433962264150943
0.009433962264150943
0.0440251572327044
0.025157232704402514
0.03459119496855346
0.022012578616352207
0.04716981132075473
0.015723270440251572
0.009433962264150943
0.009433962264150943
0.053459119496855355
0.04716981132075473
0.11666666666666665
0.14646072023458906
0.009433962264150943
0.03773584905660378
0.03459119496855346
0.11666666666666665
0.025157232704402514
0.05345911949685534
0.03773584905660378
