1.1684003100453344
1.2178552003320655
1.3204129347652658
1.3226243957439379
1.3204129347652656
1.132729378083516
1.44137515388081
1.3591777854150342
1.1656635261181343
1.4237175342291144
1.3232916461296744
1.2491062032850118
1.3396278411750755
1.3373423398767497
1.4600699539925053
1.4929780239147123
1.2204771630675069
1.3453791184322013
1.3232916461296744
1.339256989613788
1.3310265802147627
1.231457350468269
1.1684003100453344
1.0
1.3226243957439379
1.4962818686622559
1.4600699539925053
1.1738007583990928
1.3388092421912656
1.4517599053953318
1.4271429281050199
