0.11908495026038617
0.12531519219659873
0.15596983041718235
0.16219869081995686
0.12543091040846366
0.1253522813810131
0.16247033498806063
0.15634719294719596
0.10184437370674237
0.15571216928027162
0.1559560484667083
0.16247033498806063
0.1560330312428621
0.16246062978191828
0.12052773408092148
0.1625512748695304
0.15596983041718235
0.15634719294719596
0.15634719294719596
0.15257144995455985
0.15606521417694658
0.15634719294719596
0.1177857286191721
0.1520243594638444
0.15596983041718235
0.16253100808646945
0.15606521417694658
0.16247033498806063
0.15607465816685678
0.16255214488461578
0.15571823693805634
