1.2734983014661168
1.1345382184437656
1.143513234118169
1.0994864280935726
1.0994864280935703
1.1209791848063777
1.081074048372705
1.0
1.2569091673989803
1.1891473266202262
1.2569091673989803
1.081074048372705
1.2187333613685674
1.225000801755343
1.269594956815985
1.192148140443424
1.143513234118169
1.0
1.0
1.1345382184437693
1.1220064828054532
1.0
1.136522863529512
1.234532475430687
1.143513234118169
1.0
1.1220064828054532
1.081074048372705
1.131634414432096
1.2569091673989803
1.2310037815703203
