1.5625000004829977E-4
0.0026845766478778227
2.706329387105226E-4
0.0012454264675332536
3.8850711219559295E-9
3.8904783216669935E-9
3.875319150057076E-9
0.017081444328234836
2.5936522184705443E-9
0.0016327694734196076
0.0021930732574437658
0.0030990858723415286
0.001620631982451432
0.0022522561162888004
2.5952727448054872E-9
1.5625000004829953E-4
3.8850711219559295E-9
3.8655425760095176E-9
2.2097086915494888E-4
3.8850711219559295E-9
0.0019483021074992385
3.8850711219559295E-9
0.017524703792972822
1.5625000002179583E-4
2.6017447567127134E-9
3.8850711219559295E-9
0.0027313792115970436
1.562500000219315E-4
1.5625000004829942E-4
0.002684576647877831
3.8850711219559295E-9
