0.984262672882985
0.9844985643315036
0.984262672882985
0.9634255932538223
0.9863070654063495
0.9323890186915887
0.9878796750397068
0.9429367356791377
0.8626887474361724
0.9341750561214828
0.986621587333021
0.9844985643315036
0.8806613947470397
0.9350736880647172
0.9532822631058463
0.984262672882985
0.9863070654063495
0.9878796750397068
0.984262672882985
0.9300862710138261
0.9300862710138261
0.9300862710138261
0.9634255932538223
0.984262672882985
0.9300862710138261
0.9863070654063495
0.9348377966161986
0.984262672882985
0.984262672882985
0.9844985643315036
0.9863070654063495
