0.28844785881748514
0.22837448797855667
0.28844785881748514
0.24410278708952757
0.2903073148967722
0.29529361853121766
0.23605370207483092
0.2266322935729765
0.29230058908819434
0.2230645348345521
0.23611115390710402
0.22837448797855667
0.2364556977829048
0.22897113243380737
0.23666384827370704
0.28844785881748514
0.2903073148967722
0.23605370207483092
0.28844785881748514
0.29080365179801443
0.23027339426754886
0.29080365179801443
0.24410278708952757
0.28844785881748514
0.29080365179801443
0.2903073148967722
0.23590251574246582
0.28844785881748514
0.28844785881748514
0.22837448797855667
0.2903073148967722
