0.18699186991869918
0.10735770476631189
0.1263304025913929
0.15455807496529383
0.15447154471544716
0.15040650406504066
0.0906987505784359
0.12195121951219512
0.1991869918699187
0.21951219512195122
0.11568718186024989
0.12818139750115687
0.16260162601626016
0.13280888477556688
0.17538176770013883
0.10569105691056911
0.18699186991869918
0.15178158260064784
0.15687181860249885
0.14669134659879685
0.10975609756097561
0.21471540953262377
0.05923183711244794
0.0975609756097561
0.1951219512195122
0.11846367422489588
0.2045349375289218
0.12818139750115687
0.13604812586765386
0.11788617886178862
0.1951219512195122
