0.030066633202143422
0.03543952701362632
0.05504693922171588
0.024417870194766215
0.039265837662811436
0.03826020711354707
0.05129199347529457
0.04368952069933665
0.04664932730980967
0.06124891537884682
0.03719502814232017
0.02856464947696301
0.055834928938990336
0.5342171904259405
0.06995980366378152
0.09747345455298058
0.04718284959674242
0.06965324094097809
0.049303140148026524
0.0611597403627642
0.0586796570013744
0.04612694516631263
0.0825279585031569
0.052989265257221564
0.0640249668344509
0.0474971750152225
0.03044196923148511
0.04058747929749857
0.04387729546085472
0.04068571302405782
0.0487815966413506
