0.6971328389822538
0.8055552420401576
0.8026395488388016
0.7629597860069299
0.7852733039130483
0.7328284481364018
0.9093012494215641
0.7841897946975768
0.7000165536130142
0.6811661267931514
0.8016331644112369
0.8044830193790138
0.7176593191197993
0.8002129396583184
0.7508718863218248
0.8032640715116082
0.7415266193383822
0.8240821209692892
0.7574444231253974
0.7978089035864907
0.8156792812722204
0.6639804667366432
0.8948770329905983
0.8243473549959933
0.7132538007471699
0.8026997437952167
0.6402523673547703
0.8186589316147673
0.8499038761789748
0.8021071996930057
0.6745183462940599
