0.3580965842647081
0.42154082158967254
0.4659510819813606
0.3610903578623578
0.43726303079422196
0.42386774759385665
0.4546980033912233
0.44223962142293566
0.44540167069708275
0.4798466077251196
0.42409965585557496
0.39612732604407125
0.44550938297755666
0.516046468049012
0.496764232504022
0.5744704871990024
0.4525707090453674
0.4974749116608228
0.44727058573334105
0.47783307559035704
0.4806280254045319
0.3964689703650391
0.43199838934121876
0.4665945440346974
0.48923640355753434
0.4488205065187652
0.37330005549679296
0.4282093567619143
0.4311685976636792
0.4375372348024575
0.4446015792112406
