0.34552845528455284
0.13821138211382114
0.1016260162601626
0.21138211382113822
0.27235772357723576
0.3333333333333333
0.43089430894308944
0.13821138211382114
0.3008130081300813
0.45121951219512196
0.4146341463414634
0.2886178861788618
0.25312355391022673
0.25609756097560976
0.2601626016260163
0.24390243902439024
0.26422764227642276
0.2073170731707317
0.13008130081300814
0.5040650406504065
0.5121951219512195
0.21951219512195122
0.2008329477093938
0.21544715447154472
0.27235772357723576
0.23170731707317074
0.2967479674796748
0.3089430894308943
0.13821138211382114
0.21138211382113822
0.32926829268292684
