0.0331322242738795
0.03482533565303916
0.02720898972086055
0.023783138621419803
0.02324373412933032
0.029031118581861786
0.04417087914635584
0.03083655870851989
0.037638288981307735
0.03009015388253733
0.031175161105096803
0.02117556368129415
0.02466772161971155
0.039504904656594314
0.047016106690438125
0.03284602144061129
0.03819487594182654
0.025123729674965397
0.024238260866568214
0.03138422113203634
0.04707277362779814
0.028682275862139853
0.036197991231032664
0.03169968437088115
0.03430368585077191
0.03377729768318534
0.042393694462005964
0.03229146890116726
0.042255232779637525
0.027034491110355146
0.036706886816297045
