0.5303006361854458
0.766195264914241
0.8247912927995545
0.6346166145604074
0.6471672629729537
0.5602984164964279
0.4166243420879373
0.7515979879835818
0.6052866220471552
0.46421597950361737
0.468079743268511
0.6188793956426376
0.6290598676463395
0.6485479847857247
0.6153655150619066
0.6261178391515521
0.639417162334511
0.6562096740819329
0.788602837439758
0.41377636821254843
0.43204929966930394
0.6661399607980346
0.6464806642513441
0.6654721730003047
0.5969966478933647
0.6521615632630181
0.6133019567123019
0.6337400255076128
0.7596979718061873
0.6663431187759356
0.581962957528696
