0.26788435005853484
0.10753096399711591
0.0757776698442433
0.18660691442421595
0.1871954678434422
0.2501461408949037
0.36031542344045714
0.11966889103354156
0.22411335649630015
0.3367915434966795
0.3245368672033748
0.20538881397782097
0.2020151884490267
0.18150233953975606
0.20277854814930507
0.19450418240231557
0.18821323734436068
0.17317565759505602
0.09443109630716119
0.3812763361463614
0.3784058989544241
0.16720212781499202
0.18016034151075877
0.1657268348278439
0.21377407110599755
0.17668078827700617
0.2145802369612586
0.20938294878181063
0.11093448904286281
0.16640416869573446
0.23645492375712307
