1.3798679615881304
1.4885541090677188
1.4328256760424112
1.3217574934636798
1.4090893515563163
1.1913702267480932
1.05185281505235
1.236168375172409
1.0245709509245113
1.1205492188090806
1.1547445712044786
1.4620326231129264
1.350993527812742
1.2445621027372566
1.1625609498905578
1.229063362121913
1.180564048951404
1.1304765426572327
1.2534507896815805
1.2572917015965388
1.1903807443603787
1.0392450774090556
1.1655122483428195
1.6103814289377434
1.3733867131171928
1.1151283106611223
1.2295603636942753
1.3333621257223345
1.202963984164762
1.3224433034043546
1.0366237767846764
