0.14585826700438403
0.14483588801275793
0.14826031366616363
0.1399758009934986
0.14625239745908836
0.11947316953339351
0.1419356434225846
0.12054500676802023
0.14312196821077708
0.15008199774769393
0.12278039309577399
0.14412701614779408
0.0774484317362971
0.14390927538460563
0.18160475300270032
0.14237989710980264
0.14821858792939996
0.1785048505067257
0.1898069575989657
0.14900997395949223
0.16590634325140993
0.14525144176164026
0.1416173202170325
0.18733116485467957
0.1872555669792462
0.1435785861438563
0.18745289127950251
0.14244807107447116
0.1660017014792806
0.18914180108455578
0.1439057926043968
