0.9433962264150944
0.8679245283018868
0.9389937106918239
0.9056603773584906
0.8490566037735849
0.679874213836478
0.7666666666666666
0.679874213836478
0.9389937106918239
0.7666666666666666
0.8679245283018868
0.8679245283018868
0.7232704402515723
0.679874213836478
0.8490566037735849
0.8867924528301887
0.9389937106918239
0.9691823899371069
0.7666666666666666
0.9245283018867925
0.9056603773584906
0.7666666666666666
0.9113207547169812
0.6509433962264151
0.9867924528301887
0.9245283018867925
0.8490566037735849
0.7666666666666666
0.8679245283018868
0.7666666666666666
0.679874213836478
