0.5542346416769278
0.5507264376221863
0.5409176943400066
0.390135105755224
0.38710383857182373
0.483701616889727
0.548990968186072
0.483701616889727
0.380078914076417
0.548990968186072
0.4930663422299226
0.5507264376221863
0.380078914076417
0.5423582261179091
0.5501155945265926
0.43929443303430626
0.5409176943400066
0.38335745288787665
0.548990968186072
0.5531988173451454
0.5522684955539149
0.548990968186072
0.4311276036258283
0.5410072973042122
0.5442166071600837
0.5531988173451454
0.5501155945265926
0.548990968186072
0.4267676304517542
0.548990968186072
0.5423582261179091
