1.1506522680615872
1.160679538572874
1.2753161107307447
1.2016281563148383
1.270212033819788
1.0749459002818011
1.0658867798582032
1.0749459002818011
1.2662027764861072
1.1573140486861921
1.1975431583813283
1.1215586335377328
1.2877188427439035
1.1309727945794923
1.1521813416827686
1.235021426890038
1.260194827157594
1.4620806377437734
1.1573140486861921
1.1539503464335734
1.0723191086414934
1.1573140486861921
1.299745187164267
1.1296328981214805
1.2689569156877107
1.1078342913696808
1.150069855502099
1.0658867798582032
1.3653797499897273
1.1547574348661118
1.0676833862186712
