0.07056396311074224
0.005102661871500769
0.08462141738017846
0.07120656049035709
0.0712219196041994
0.005018544682009614
0.005002971768464451
0.05683382727908642
0.07074135830301331
0.01548542736152476
0.07056396311074224
0.05658375962921235
0.07113594194154474
0.07022722801963024
0.07057110117854905
0.07039327692963221
0.07080520413234848
0.07107087702428623
0.05656819124660111
0.0702721586280099
0.07023440031053126
0.070845756998301
0.07005598661402108
0.029272460459330314
0.07039805288627218
0.07094004436770442
0.07074135830301331
0.07061349346420168
0.07338596799265404
0.07074135830301331
0.004023156870190889
