0.07941845206983247
0.007904293735368514
0.01630221791539469
0.07980770834782434
0.057767662868035294
0.05769342810299828
0.05373166086153143
0.08365770902548705
0.08256347298157321
0.05513665735413808
0.0816631194002696
0.10307327779788478
0.07864404689223016
0.10240439288737557
0.03901161514797233
0.03704640688067325
0.05107712706520004
0.07881694835921232
0.081315675267423
0.07929868053279863
0.03666939880825048
0.08167658682220426
0.03702634116911577
0.03752133612335393
0.03717387865230208
0.05626066809010173
0.016276669366306368
0.007924951175342435
0.05535835172552711
0.07811305762682264
0.08192661444230426
