0.40749768927509483
0.40749768927509483
0.35218604723439484
0.6531446591759568
0.47019991210284184
0.3783961475052951
0.41723524030573145
0.4680913441522411
0.35621448231032105
0.3896895353309709
0.47267938034258333
0.40749768927509483
0.39340781042860196
0.3932356779721319
0.4668067643273158
0.47267938034258333
0.3932356779721319
0.3932356779721319
0.6531446591759568
0.6531446591759568
0.3932356779721319
0.47019991210284184
0.38503906321427567
0.3880765167508951
0.3884440209446015
0.39359836506812934
0.3580623056401399
0.40749768927509483
0.47019991210284184
0.4021667274076077
0.35218604723439484
