1.3856400490355922
1.3286583457485959
1.5239216993771967
1.0850798414992662
1.3017899972655254
1.3878725656307827
1.4697758551010742
1.3222803332849302
1.5369663659912973
1.3610785746993852
1.2822139394482155
1.3749897259819512
1.3416308348809938
1.4150674538482457
1.3099550983274635
1.2970407264125243
1.3815035691046516
1.3964865642896498
1.0850798414992662
1.0850798414992662
1.4263826542396112
1.2224820116922457
1.317989904844283
1.5252720142356264
1.4362590273268054
1.4585554544895862
1.5378867375768432
1.3306302038953315
1.2224820116922457
1.3605733493770762
1.5370755939661291
