3.6908318107946887E-9
0.003265538946834584
0.05876268128220538
4.419417382424293E-4
3.6908318107946887E-9
0.002553768031083297
0.002490852935057232
5.486662678523443E-9
5.471315340307336E-9
0.031679637616295934
0.0025537680310864534
5.486662678523443E-9
5.486662678523443E-9
5.471315340307336E-9
0.004354827879870017
0.05180995207108188
0.005149841805938105
0.024166290857113294
0.02408516290398553
3.667978143440106E-9
0.0025537680310832632
3.667978143440106E-9
3.7135448361900347E-9
5.486662678523443E-9
5.486662678523443E-9
0.004388336201032652
4.419417382754594E-4
5.459006403776683E-9
0.02460444455530362
0.0241642702670823
5.486662678523443E-9
