0.9300862710138261
0.9341750561214828
0.8485464592290859
0.978758542915628
0.9300862710138261
0.9627965494379732
0.9634255932538223
0.9300862710138261
0.9300862710138261
0.94362194414199
0.9627965494379732
0.9300862710138261
0.9300862710138261
0.9300862710138261
0.9844985643315036
0.8626887474361723
0.9323890171181826
0.8772915153376528
0.5358105364183966
0.8626887474361724
0.9627965494379732
0.8626887474361724
0.9863070654063495
0.9300862710138261
0.9300862710138261
0.9305805176167429
0.984262672882985
0.9878796750397068
0.7819464280722646
0.8885244423614602
0.9300862710138261
