0.29080365179801443
0.2230645348345521
0.18902672207564428
0.23680626635248384
0.29080365179801443
0.24282144825842641
0.24410278708952757
0.29080365179801443
0.29080365179801443
0.23123282999582026
0.24282144825842641
0.29080365179801443
0.29080365179801443
0.29080365179801443
0.22837448797855667
0.19728746394919994
0.231877156626301
0.23411153219922476
0.2635373116116339
0.29230058908819434
0.24282144825842641
0.29230058908819434
0.2903073148967722
0.29080365179801443
0.29080365179801443
0.22897113243380737
0.28844785881748514
0.23605370207483092
0.2168738505082403
0.23370563184461532
0.29080365179801443
