0.03688636485570879
0.03688636485570879
0.09635416666666667
0.03485887592947449
0.03688636485570879
0.03688636485570879
0.03688636485570879
0.03688636485570879
0.03688636485570879
0.035912844606487616
0.03688636485570879
0.03688636485570879
0.03688636485570879
0.03688636485570879
0.031191271397764873
0.05738400527634364
0.050303223894993275
0.06169341081088112
0.25930555641542374
0.05738400527634364
0.03688636485570879
0.05738400527634364
0.025496177939820952
0.03688636485570879
0.03688636485570879
0.04160793806443154
0.031191271397764873
0.015079511273154282
0.21781493596984877
0.047303031522375465
0.03688636485570879
