0.5000743107680405
0.8625860518171717
0.5549046268679141
0.5000743107680405
0.7784038873177664
0.5000743107680405
0.7784038873177664
0.5000743107680405
0.5000743107680405
0.7784038873177664
0.8625860518171717
0.5000743107680405
0.4958957592506778
0.5549046268679141
0.7784038873177664
0.5000743107680405
0.5000743107680405
0.5000743107680405
0.7772095628195398
0.5549046268679141
0.7784038873177664
0.7784038873177664
0.5000743107680405
0.5000743107680405
0.4958957592506778
0.5000743107680405
0.5000743107680405
0.8625860518171717
0.5549046268679141
0.549859457643141
0.5000743107680405
