1.359234161971161
1.0
1.2902221203095565
1.4333620128460711
1.0734873685835236
1.3614815798838114
1.0734873685835233
1.359234161971161
1.3614815798838114
1.0734873685835233
1.0
1.3810756458586178
1.3585762464369409
1.291948307864466
1.0734873685835236
1.3629005268520895
1.36290052686151
1.3614815798838114
1.09758291273541
1.2902221203095565
1.0734873685835233
1.0734873685835233
1.3614815798838114
1.3614815798838114
1.3616999586891458
1.3651123510828922
1.3614815798838114
1.0
1.2902221203095565
1.2948562261872856
1.3614815798838114
