0.1393522393264496
0.15818463896332097
0.14164773396849548
0.15328870373265122
0.18187237281331342
0.15785208983750046
0.15319309951014903
0.15401499297545634
0.2035458884869085
0.1561199332004867
0.16852629801994998
0.14164773396849548
0.15769117415008857
0.11229612222377972
0.18621228033987142
0.1431774812434838
0.17422733216805472
0.14526505087588865
0.16823052565665875
0.137650716965154
0.176714869849053
0.16231410656984888
0.16626558710007244
0.17478773584330523
0.16047132791684607
0.1726999345009089
0.19116043705734465
0.17280750454755495
0.13514214635702587
0.1723192265080201
0.17269993450090892
