0.483701616889727
0.3831149862675507
0.5514442102721754
0.5542346416769278
0.4828831600243033
0.548990968186072
0.38054924336220336
0.5409176943400066
0.548990968186072
0.548990968186072
0.5423582261179091
0.5451951636155757
0.5542346416769278
0.3871964314745207
0.4828831600243033
0.5501155945265926
0.5409176943400066
0.5507264376221863
0.5400925946567487
0.38335745288787665
0.5451951636155757
0.483701616889727
0.5450336610057318
0.5440712213667407
0.3879714211017584
0.5441166586001245
0.43929443303430626
0.5409176943400066
0.37729819868471354
0.5409176943400066
0.5441166586001245
