0.14099797436347955
0.03773584905660378
0.04716981132075473
0.018867924528301886
0.14646072023458906
0.11666666666666665
0.03459119496855346
0.025157232704402514
0.11666666666666665
0.11666666666666665
0.14099797436347955
0.12722855304613698
0.018867924528301886
0.03773584905660378
0.14646072023458906
0.0660377358490566
0.025157232704402514
0.05660377358490567
0.165034413561403
0.03459119496855346
0.12722855304613698
0.14099797436347955
0.12722855304613698
0.022012578616352207
0.03459119496855346
0.015723270440251572
0.04716981132075473
0.025157232704402514
0.05031446540880503
0.025157232704402514
0.015723270440251572
