0.12501073909146102
0.05133496324015284
0.09980660883990336
0.03225377994367647
0.12530191008709315
0.04346779888208033
0.12661663467603784
0.12424500698860891
0.0513030771357344
0.12477457760512246
0.12477404772280078
0.12530191008709315
0.0513030771357344
0.12416912896397891
0.0513030771357344
0.12530191008709315
0.12530191008709315
0.12477404772280078
0.032313011349428884
0.029812967462662023
0.1242106542823924
0.12530191008709315
0.12477404772280078
0.05257386622588569
0.10093367168890509
0.09683133246483401
0.12424500698860891
0.03715128679440213
0.026880320957072074
0.12530191008709315
0.12530191008709315
