0.09635888528715805
0.01645021645021645
0.011904761904761904
0.07200941750488951
0.023809523809523808
0.07200941750488951
0.011904761904761904
0.020995670995670995
0.011904761904761904
0.020995670995670995
0.011904761904761904
0.023809523809523808
0.011904761904761904
0.01645021645021645
0.011904761904761904
0.023809523809523808
0.023809523809523808
0.011904761904761904
0.011904761904761904
0.011904761904761904
0.023809523809523808
0.023809523809523808
0.011904761904761904
0.011904761904761904
0.023809523809523808
0.020995670995670995
0.020995670995670995
0.07200941750488951
0.05
0.023809523809523808
0.023809523809523808
