0.0065310778936645345
7.737608358282602E-9
5.251745471820525E-9
6.250000000478953E-4
5.1873044369410886E-9
0.034144132599580566
0.07858511620000637
7.694015851743879E-9
7.737608358282602E-9
7.658963205320675E-9
0.04440951585003714
5.251745471820525E-9
7.694015851743879E-9
0.016579040008237605
0.03413841188423592
5.1873044369410886E-9
0.036065856785337636
7.737608358282602E-9
0.008058487475588731
7.737608358282602E-9
7.737608358282602E-9
7.737608358282602E-9
0.006414379323873022
0.004375000000006916
0.03379966653229065
5.251745471820525E-9
6.25000000046281E-4
0.04228921144244073
0.07803053823081822
7.737608358282602E-9
7.737608358282602E-9
