0.9341750561214828
0.9300862710138261
0.9300862710138261
0.984262672882985
0.8626887474361724
0.8772915153376528
0.8606555535776728
0.9300862710138261
0.9300862710138261
0.9532822631058463
0.9350736880647172
0.9300862710138261
0.9300862710138261
0.835572430112926
0.8885244423614602
0.8626887474361724
0.5301940733584287
0.9300862710138261
0.9339616267515398
0.9300862710138261
0.9300862710138261
0.9300862710138261
0.8795381021350461
0.9303446261682242
0.9335123097301762
0.9300862710138261
0.984262672882985
0.8885244423614602
0.8612171998836695
0.9863070654063495
0.9300862710138261
