0.2230645348345521
0.29080365179801443
0.29080365179801443
0.28844785881748514
0.29230058908819434
0.23411153219922476
0.20118069946198816
0.29080365179801443
0.29080365179801443
0.23666384827370704
0.22897113243380737
0.29080365179801443
0.29080365179801443
0.18754854680064617
0.23370563184461532
0.29230058908819434
0.22033560169621422
0.29080365179801443
0.22834560394853112
0.29080365179801443
0.29080365179801443
0.29080365179801443
0.23449730912362862
0.2928784109263561
0.23372695530602774
0.29080365179801443
0.28844785881748514
0.23370563184461532
0.18558565551258044
0.2903073148967722
0.29080365179801443
