1.391227075362785
1.0511360598804484
1.0511360598804484
1.1058114771143601
1.0
1.243842197418985
1.2659366399576462
1.0511360598804484
1.0511360598804484
1.2954158043873212
1.4562508889398538
1.0511360598804484
1.0511360598804484
1.3510854499944398
1.2421434540366498
1.0
1.220949361430361
1.0511360598804484
1.3050916857001105
1.0511360598804484
1.0511360598804484
1.0511360598804484
1.252661519546437
1.0658377667309062
1.2465968394005882
1.0511360598804484
1.1058114771143601
1.242143454036649
1.3063984969590883
1.0943371336460752
1.0511360598804484
