0.1427555088049395
0.11947316953339351
0.14991280884178534
0.14060052184704455
0.13774205472425147
0.07791518793870568
0.14980594286316604
0.15710562863862576
0.11943979182103619
0.1882892097615237
0.08270349418178016
0.18696324508846296
0.14566474492768544
0.1872198007793699
0.14858479061271027
0.1874260269157166
0.14018382876470653
0.18191685710844258
0.1860987692543957
0.14563314032844663
0.0964644366000413
0.12422362947892296
0.18184757809966715
0.14483655725550615
0.18883148839412742
0.19036741984586572
0.14344969208674097
0.1874103739818014
0.07511414267480276
0.14182355354118875
0.16834040881263249
