0.8779874213836478
0.679874213836478
0.7232704402515723
0.8679245283018868
0.8679245283018868
0.9056603773584906
0.7232704402515723
0.9056603773584906
0.8779874213836478
0.9257861635220126
0.9056603773584906
0.9056603773584906
0.9867924528301887
0.9515723270440252
0.8635220125786164
0.7924528301886793
0.9056603773584906
0.9069182389937107
0.9811320754716981
0.8779874213836478
0.9056603773584906
0.679874213836478
0.9779874213836478
0.9433962264150944
0.7666666666666666
0.6654088050314465
0.7088050314465408
0.9125786163522013
0.7232704402515723
0.8679245283018868
0.9245283018867925
