0.483701616889727
0.483701616889727
0.5451951636155757
0.4383930781253888
0.3879714211017584
0.37844036114390406
0.5451951636155757
0.3831149862675507
0.483701616889727
0.43670130735256046
0.38994213667115285
0.3901572832552002
0.5442166071600837
0.5449429543131209
0.3773394621392077
0.5489278998459867
0.3887611181222337
0.47536995442352703
0.3934764894692461
0.5383429997570301
0.378046382804432
0.483701616889727
0.3871964314745207
0.5542346416769278
0.548990968186072
0.4828831600243033
0.48405046118176936
0.380078914076417
0.37729819868471354
0.5507264376221863
0.5357050390561043
