0.09464241967003892
0.07194172781406918
0.0710053096429443
0.09510960293030932
0.07183545979767089
0.09463244046412511
0.07120990518348579
0.07112933714698452
0.10315011959101666
0.07216022902645217
0.09453375658246486
0.09422363945668537
0.094702850297413
0.07726919112215022
0.09577186812519431
0.07324433288473725
0.0718257378891093
0.10337913507188787
0.07280498750978528
0.07233898112812576
0.07185175867711203
0.07133338810528515
0.07385081738867824
0.0712810070922682
0.09425566763569027
0.07247126091544316
0.07297977822353448
0.07162415026011185
0.07139940786884695
0.07097021656294035
0.07143353761104841
