0.9647798742138365
0.9867924528301887
0.9691823899371069
0.9245283018867925
0.9867924528301887
0.9867924528301887
0.9433962264150944
0.7666666666666666
0.9257861635220126
0.9867924528301887
0.9867924528301887
0.9735849056603774
0.8679245283018868
0.7666666666666666
0.9867924528301887
0.9867924528301887
0.9867924528301887
0.9125786163522013
0.9867924528301887
0.9867924528301887
0.9779874213836478
0.9867924528301887
0.9823899371069182
0.9823899371069182
0.9867924528301887
0.9389937106918239
0.9389937106918239
0.9823899371069182
0.9157232704402516
0.9345911949685535
0.9433962264150944
