0.5442620322560635
0.5442166071600837
0.3879714211017584
0.5531988173451454
0.5442166071600837
0.5442166071600837
0.5542346416769278
0.548990968186072
0.43670130735256046
0.5442166071600837
0.5442166071600837
0.3865034031307116
0.5507264376221863
0.548990968186072
0.5442166071600837
0.5442166071600837
0.5442166071600837
0.4364941743714647
0.5442166071600837
0.5442166071600837
0.5440712213667407
0.5442166071600837
0.5408354208131226
0.5441166586001245
0.5442166071600837
0.5409176943400066
0.5409176943400066
0.5441166586001245
0.3785668691299113
0.37385120342073996
0.5542346416769278
