0.01813657023182307
0.05777792653209694
0.05618498879267134
0.05600288758158523
0.055911232779892905
0.036891541022187974
0.025879274582789966
0.05757869091982555
0.05807696690614854
0.055799830392333744
0.057799282204415166
0.03641168720810382
0.025028518406077185
0.07445986458557247
0.03662648867912949
0.05581114309153037
0.08819306763565708
0.039441704008244774
0.025420281360112203
0.02530751548222307
0.038849927894604244
0.07344462840824313
0.0056555452497128785
0.04197887928724001
0.014283896039672362
0.04595854866883342
0.03643753741848293
0.056961664504736505
0.036833192664541166
0.0575720618849324
0.05776531228398532
