1.4567682695629132
1.3033256399573454
1.4093407242601357
1.3946610633504268
1.395787665257376
1.6712715604079533
1.4789157377024105
1.318449924467693
1.47621656945269
1.3944276172962475
1.3938719778939113
1.486031502298409
1.2236193620394349
1.5775797321232223
1.581093001814413
1.421381569013262
1.5777846872230605
1.3234840818449964
1.3279602201062835
1.3957630364711384
1.5825551222157899
1.2929334316569272
1.3668850488127213
1.4259589660225613
1.3656573486418166
1.5053313790493863
1.4817599502782262
1.5822772766540742
1.6849642888178678
1.2971016011894532
1.3236924313290044
