0.09916792949552118
0.09070800943551309
0.09867910021409687
0.09476859630517648
0.07975293411741753
0.00517241379310345
0.10013367997056273
0.09867910021409687
0.09229344371564918
0.09985556752510061
0.10037089364019235
0.01388533837021837
0.0
0.08616826779512196
0.1009467666779616
0.010005943536928902
0.09708320468845397
0.0983322589553056
0.1002375300258527
0.10013367997056273
0.10013367997056273
0.10110946966126433
0.00943517851355824
0.06463273269689492
0.09762911814246904
0.0801670384583462
0.11908405381091078
0.08490739204254061
0.01001336799705628
0.018466797019304662
0.0800742829949529
