0.5549046268679141
0.4682423442914731
0.7784038873177664
0.5514115503257232
0.4892573663331969
0.4940189235136001
0.8625860518171717
0.7784038873177664
0.7751030820299872
0.5000743107680405
0.8606885499550817
0.5000743107680405
0.5000743107680405
0.5223853432757742
0.8584839248507281
0.5000743107680405
0.5000743107680405
0.464317580647807
0.8615946971265132
0.8625860518171717
0.8625860518171717
0.7726542933134549
0.4885459754313585
0.5000743107680405
0.5549046268679141
0.7772095628195398
0.4958957592506778
0.4694913380755208
0.5000743107680405
0.4940189235136001
0.7784038873177664
