0.5746234301171995
0.568768732934242
0.4781127634742964
0.4959322532385749
0.4959322532385749
0.5760957397131915
0.568768732934242
0.4959322532385749
0.883153230911587
0.883153230911587
0.5760957397131915
0.5760957397131915
0.5760957397131915
0.4942211902845293
0.5746234301171995
0.883153230911587
0.4959322532385749
0.5760957397131915
0.48486986668704113
0.4959322532385749
0.4959322532385749
0.5746234301171995
0.4757548246991201
0.4860020834577944
0.5760957397131915
0.4959322532385749
0.4781127634742964
0.5103667717562977
0.5760957397131915
0.4942211902845293
0.568768732934242
