1.178565910948044
1.2408463632302549
1.5431410172907725
1.3052059082196739
1.3052059082196739
1.178598623501905
1.1866155498423334
1.3052059082196739
1.0
1.0
1.0
1.178598623501905
1.178598623501905
1.306154579941714
1.179502895919571
1.0
1.3052059082196739
1.178598623501905
1.443760067403937
1.3052059082196739
1.3052059082196739
1.179502895919571
1.430400417632573
1.3348650934150652
1.178598623501905
1.3052059082196739
1.54308173025638
1.4557465456381105
1.178598623501905
1.306154579941714
1.2408463632302549
