0.0703861208281368
0.07040520777497351
0.06363860839249794
0.07074135830301331
0.07067745479915842
0.07080520413234848
0.07057110117854905
0.07056396311074224
0.07040520777497351
0.07114307485060407
0.07096500829570244
0.07039327692963221
0.05670081618677206
0.09164299788373857
0.0714906241027651
0.07057560185145025
0.014983363940100435
0.06997172650364879
0.0779923031266555
0.008723337159996302
0.07074135830301331
0.07074135830301331
0.07067745479915842
0.07084518005300833
0.08469111765418388
0.0703456727467822
0.07061349346420168
0.06971946716956637
0.05615946886546383
0.005102661871500769
0.07002908135846735
