0.5000743107680405
0.5000743107680405
0.5000743107680405
0.7784038873177664
0.7784038873177664
0.8625860518171717
0.5549046268679141
0.5000743107680405
0.5000743107680405
0.4901974596226733
0.49429263413500124
0.5000743107680405
0.7784038873177664
0.7420641428137942
0.7761091610496116
0.5000743107680405
0.5000743107680405
0.5000743107680405
0.4694121858642063
0.5000743107680405
0.7784038873177664
0.7784038873177664
0.7784038873177664
0.5000743107680405
0.4639973604861449
0.4958957592506778
0.7784038873177664
0.5000743107680405
0.5000743107680405
0.5000743107680405
0.5000743107680405
