1.36290052686151
1.3614815798838114
1.3592341619711594
1.0734873685835233
1.0734873685835236
1.0
1.2902221203095565
1.36290052686151
1.3614815798838114
1.3683840461618957
1.3626473340225196
1.359234161971161
1.0734873685835233
1.3251426003152977
1.0808063709325906
1.3651123510828922
1.3614815798838114
1.3592341619711608
1.6289301697922756
1.3614815798838114
1.0734873685835233
1.0734873685835233
1.0734873685835236
1.3682788196209767
1.5703223787808593
1.363067577203242
1.0734873685835233
1.3614815798838114
1.3592341619711608
1.3614815798838114
1.3629005268615098
