3.041326806391369E-9
3.6679781383159992E-9
3.5455804461837884E-9
0.001278961370609886
0.001278961370609886
0.013748801317511956
3.29352983946695E-9
3.041326806391369E-9
3.8904783216669935E-9
0.014298983972227473
3.825087474411769E-9
0.016129139582387483
0.01966954186986629
3.702205736502715E-9
2.6969618394669823E-9
3.189770464720337E-9
3.2640368616702037E-9
0.014298983972227473
0.016168399356245887
3.8796563860670685E-9
0.01642301198559223
2.77381373754445E-9
0.01959648935585229
0.0160410212370247
0.001278961370609886
0.014298983972227473
0.015320947858305926
0.001278961370609886
6.442352540123896E-4
2.7202453951171175E-9
3.5098257803103734E-9
