0.9878796750397068
0.9300862710138261
0.9300862710138261
0.984262672882985
0.984262672882985
0.9350736880647172
0.9300862710138261
0.9878796750397068
0.8761682242990654
0.9447452367539836
0.9300862710138261
0.8885244423614602
0.8874011497494666
0.9300862710138261
0.9300862710138261
0.9878796750397068
0.9878796750397068
0.9447452367539836
0.9429367356791377
0.9300862710138261
0.8885244423614602
0.9300862710138261
0.9303446261682242
0.9429367356791377
0.984262672882985
0.9447452367539836
0.9350736880647172
0.984262672882985
0.984262672882985
0.9300862710138261
0.9863070654063495
