1.4192052883355117
1.0527762628061494
1.0527762628061494
1.1129010233196805
1.1129010233196805
1.5042380105999975
1.0527762628061494
1.4192052883355117
1.0
1.2761843849525423
1.0527762628061494
1.2583674710575246
1.2581253073538703
1.0527762628061494
1.0527762628061494
1.4192052883355117
1.4192052883355117
1.2761843849525423
1.4990334720527678
1.0527762628061494
1.2583674710575248
1.0527762628061494
1.516281878713925
1.499033472052768
1.1129010233196805
1.2761843849525423
1.5042380105999975
1.1129010233196805
1.1129010233196819
1.0527762628061494
1.1006578796190123
