0.28844785881748514
0.231877156626301
0.2330877421474662
0.2364556977829048
0.29080365179801443
0.22897113243380737
0.2322647963793499
0.2455235204403179
0.29080365179801443
0.23850083346178233
0.29080365179801443
0.22897113243380737
0.2903073148967722
0.28844785881748514
0.29080365179801443
0.23666384827370704
0.2330877421474662
0.29080365179801443
0.29645874055557225
0.28844785881748514
0.28844785881748514
0.28844785881748514
0.29080365179801443
0.23605370207483092
0.28844785881748514
0.29080365179801443
0.24588420271973518
0.29230058908819434
0.22837448797855667
0.28844785881748514
0.23370563184461532
