0.2761569702394956
0.14952604189569743
0.1346645337644579
0.22743738838846794
0.12884330711876824
0.18201623451765994
0.18040392044668635
0.1820291560199153
0.12313426323167631
0.10174651914937297
0.16171428872897803
0.17870460052102666
0.08814709614288024
0.3269870403538963
0.13731273298904048
0.12345737382995721
0.2125340482022317
0.18208710065855543
0.2010759504742801
0.38166684132154416
0.312204364914741
0.18311063564370278
0.22515384179718215
0.22826768409389256
0.3275530214161844
0.18510727426332563
0.19783258140072624
0.1567875443278485
0.17159085233282279
0.24715183951069086
0.19607263064068925
