0.42265888646855004
0.5421759724307099
0.5332896919899324
0.725273981106308
0.620572378791812
0.621494114061918
0.6273010462635862
0.6326790894007968
0.5704864128696817
0.8160931215975742
0.756086274421282
0.6037121477184231
0.5589007648521651
0.4167597807398713
0.6568360778471274
0.6662302532326573
0.5513124381590877
0.6545599560576818
0.4544756831187007
0.5691809347524295
0.38325188203293414
0.5138316723287548
0.5404303186946724
0.5872958544485953
0.4342501777632307
0.5655993348457315
0.5761466198650881
0.6564560971847571
0.619058099419495
0.4583695443618018
0.760572679766594
