0.4163352830977442
0.35069398700171295
0.40385870764959425
0.4065103420698519
0.37907144854239205
0.3665831934438242
0.37170292367543084
0.41647065315827114
0.3740226334775214
0.3602215377200931
0.41481745747791826
0.36084949243477654
0.3479961675030516
0.37543650519330196
0.36257048872811865
0.3583950071088852
0.3937303605218884
0.39250570847609995
0.38696812087826493
0.4417353074475556
0.4725004079904877
0.42318738250308824
0.38028222083567464
0.41530799366342214
0.36249379271442633
0.4226089382255683
0.4158623962515013
0.3684878712259612
0.40383243675473174
0.37101815363298735
0.4253841547044373
