0.37388547299643554
0.25772947232502796
0.2820924785005508
0.12898399311679037
0.19846806459856117
0.19666255203105484
0.19648564308877478
0.19076673439207745
0.25545675489696545
0.08915211169002679
0.11232732163267874
0.21187550882241632
0.25674636527877276
0.37994702213694037
0.17496853114618938
0.1740180252087261
0.2560787567921659
0.17658649248604388
0.34280471165780807
0.23265014176760138
0.4052303606917658
0.2824726488834153
0.2623285280930903
0.23476038829781867
0.35227342729636674
0.2576417624854208
0.24574074323512585
0.17913778921563872
0.20874889370210745
0.3446025466300935
0.11564164493461804
