0.9127835883884247
0.9137759781423603
0.9511075316609903
0.9196569467306488
0.8569519424367412
1.0
0.7292097293519265
1.0480152051655298
0.8987746491719258
0.9700322564130125
1.0449795348192388
0.9338122152468145
1.2411252475511443
0.7834271455042606
0.924359511464652
0.70844134783661
0.9214962274092073
0.9221923723435805
0.9999999999999999
1.0
1.0424612874133246
0.986860646144164
0.6325786666393733
0.7512428203652388
0.8247898438570792
0.875719793873865
0.780035544519543
0.9210708663722538
0.9724766012402217
0.8921717410044909
0.7246945112284588
