0.2330877421474662
0.2364556977829048
0.2330877421474662
0.28844785881748514
0.23410385178665497
0.2364556977829048
0.28844785881748514
0.29080365179801443
0.23370563184461532
0.2283150893466238
0.2330877421474662
0.28844785881748514
0.231877156626301
0.29080365179801443
0.22657243820473108
0.2903073148967722
0.2364556977829048
0.23666384827370704
0.2903073148967722
0.29230058908819434
0.23666384827370704
0.2364556977829048
0.231877156626301
0.22897113243380737
0.2266322935729765
0.24282144825842641
0.23605370207483092
0.22837448797855667
0.2364556977829048
0.28844785881748514
0.23370563184461532
