1.2761843849525423
1.2609674940402409
1.2761843849525423
1.1129010233196792
1.354659365441988
1.2609674940402409
1.1129010233196805
1.0527762628061494
1.2583674710575248
1.5103107755759606
1.2761843849525423
1.1129010233196805
1.2723034340918375
1.0527762628061494
1.4974508719732609
1.1006578796190123
1.2609674940402409
1.3152091581151186
1.1006578796190123
1.0
1.3152091581151186
1.2609674940402347
1.2723034340918375
1.5042380105999975
1.4990334720527678
1.2446743992370295
1.4192052883355117
1.5126562044278218
1.2609674940402409
1.1129010233196805
1.2583674710575248
