0.09523809523809523
0.015873015873015872
0.015873015873015872
0.015873015873015872
0.09523809523809523
0.3333333333333333
0.047619047619047616
0.047619047619047616
0.015873015873015872
0.047619047619047616
0.3333333333333333
0.3333333333333333
0.3333333333333333
0.3333333333333333
0.09523809523809523
0.15873015873015872
0.031746031746031744
0.09523809523809523
0.031746031746031744
0.015873015873015872
0.3333333333333333
0.031746031746031744
0.3333333333333333
0.3333333333333333
0.09523809523809523
0.047619047619047616
0.031746031746031744
0.3333333333333333
0.09523809523809523
0.3333333333333333
0.015873015873015872
