0.7712147880220311
0.8470832468191329
0.8660254037844386
0.8531271017918668
0.8531271017918668
0.7036392354957798
0.7099520521081922
0.8660254037844386
0.8531271017918668
0.8660254037844386
0.7666909661254158
0.8660254037844386
0.6473701435962931
0.8084682282868448
0.8470832468191329
0.8470832468191329
0.8660254037844386
0.7712147880220311
0.8531271017918668
0.8531271017918668
0.8660254037844386
0.8660254037844386
0.8141345313608418
0.7036392354957798
0.8531271017918668
0.8200914748012226
0.8660254037844386
0.8660254037844386
0.8141345313608418
0.697656981652285
0.8531271017918668
