0.4857703163407704
0.8625860518171717
0.4958957592506778
0.5000743107680405
0.4958957592506778
0.5000743107680405
0.8615946971265132
0.5530936675517877
0.8615946971265132
0.5000743107680405
0.49791479579978104
0.4958957592506778
0.4958957592506778
0.7784038873177664
0.8625860518171717
0.49069825761233477
0.5000743107680405
0.5000743107680405
0.8625860518171717
0.46887676772113673
0.4922859150092839
0.5449721554998859
0.457058365623977
0.46021808406663256
0.5000743107680405
0.7707282305524319
0.7726542933134549
0.7710656388410769
0.4639973604861449
0.4639973604861449
0.8636623206107849
