0.017241379310344827
0.030172413793103446
0.017241379310344827
0.0
0.017241379310344827
0.0
0.04310344827586207
0.017241379310344827
0.04310344827586207
0.0
0.008620689655172414
0.017241379310344827
0.017241379310344827
0.017241379310344827
0.030172413793103446
0.05603448275862069
0.0
0.0
0.030172413793103446
0.04310344827586207
0.04310344827586207
0.09482758620689655
0.05603448275862069
0.030172413793103446
0.0
0.14655172413793102
0.09482758620689655
0.1336206896551724
0.008620689655172414
0.008620689655172414
0.017241379310344827
