0.14923280364844121
0.15634719294719596
0.14591632520176132
0.15634719294719596
0.14198837518503532
0.13989235062548666
0.15634719294719596
0.13620428641313967
0.12537570305905751
0.14154406512190418
0.14154406512190418
0.156410241291736
0.15634719294719596
0.1480968299383442
0.15634719294719596
0.13631522854826605
0.13373497191853925
0.14894545863170294
0.1334318996245151
0.1415440651219042
0.12532279381122347
0.16253100808646945
0.14154406512190418
0.13989235062548666
0.13989235062548666
0.14894545863170294
0.15634719294719596
0.14154406512190418
0.15634719294719596
0.14154406512190418
0.11698994853984857
