0.0031746031746031746
0.2
0.009523809523809523
0.2
0.09206349206349206
0.006349206349206349
0.2
0.009523809523809523
0.06349206349206349
0.0031746031746031746
0.0031746031746031746
0.015873015873015872
0.2
0.006349206349206349
0.2
0.04444444444444444
0.009523809523809523
0.0031746031746031746
0.015873015873015872
0.0031746031746031746
0.03809523809523809
0.025396825396825397
0.0031746031746031746
0.006349206349206349
0.006349206349206349
0.0031746031746031746
0.2
0.0031746031746031746
0.2
0.0031746031746031746
0.06349206349206349
