0.11337331304307857
0.016502369131009657
0.14150541054264265
0.04246220954540677
0.03184385245881146
0.1417077430437885
0.13798490327390928
0.10824961404195033
0.11224984915237167
0.11177419221432372
0.028389176230604565
0.14161040826469698
0.15766609399908657
0.03271946879320282
0.1140790572236922
0.1801229864009
0.03184385245881146
0.024382992454708527
0.11324213700876365
0.12533748116262974
0.11441730742672837
0.02925959094565023
0.12058527648332273
0.11772163381580127
0.1421760560557814
0.0495374084670374
0.1266601996805442
0.1140790572236922
0.13942600183991172
0.10516701088573507
0.11221535426640884
