0.9482758620689655
0.9482758620689655
0.9655172413793104
0.9482758620689655
0.896551724137931
0.9310344827586207
0.9310344827586207
0.9482758620689655
0.9655172413793104
1.0
0.9827586206896551
0.9482758620689655
0.0
0.9482758620689655
0.896551724137931
0.0
0.896551724137931
0.8275862068965517
0.9655172413793104
0.9137931034482758
0.8793103448275862
0.7931034482758621
0.7758620689655172
0.9482758620689655
0.896551724137931
0.9310344827586207
1.0
0.896551724137931
0.9482758620689655
0.9137931034482758
0.9655172413793104
