0.7772095628195398
0.4940189235136001
0.8636623206107849
0.47923514054357336
0.5471496792966047
0.7761091610496116
0.6074987216361334
0.4940189235136001
0.4661944320953506
0.5000743107680405
0.5549046268679141
0.8625860518171717
0.6514390006396434
0.4885459754313585
0.7741916934841783
0.8511009213130367
0.5471496792966047
0.48498562686328284
0.7784038873177664
0.7751030820299872
0.7733753301778358
0.48375820160683447
0.7704871341689157
0.46021808406663256
0.8598678796834407
0.549859457643141
0.5000743107680405
0.7741916934841783
0.5514115503257232
0.49069825761233477
0.4958957592506778
