0.05600921113524336
5.1873044369410886E-9
7.780956643334E-9
7.780956643334E-9
0.0015309310892592592
0.029513360643895852
0.03921074673638383
5.501967213452129E-9
7.0554968228314245E-9
0.002576941016020567
5.1873044369410886E-9
0.04397259262691393
6.192259795038197E-9
0.05016084005272743
0.07907582126546922
0.007608505336339999
7.694015851743879E-9
0.002576941016020567
0.04577250680828539
5.501967213452129E-9
0.004419417382422769
5.340656785513825E-9
0.03878799920160623
0.016045175789646905
3.6679781434401105E-9
7.780956643334E-9
5.1873044369410886E-9
5.1873044369410886E-9
5.1873044369410886E-9
6.405848428300601E-9
0.03449808318503382
