0.1870793408788444
0.29230058908819434
0.29645874055557225
0.2972681733474988
0.2928784109263561
0.25024009735680397
0.23182472666771992
0.29080365179801443
0.29080365179801443
0.28844785881748514
0.29230058908819434
0.26343435831201895
0.29080365179801443
0.24504741063697263
0.2848585636073487
0.23303029924670168
0.29080365179801443
0.28844785881748514
0.22367534381220325
0.29080365179801443
0.2962626852826966
0.23666384827370704
0.2631570817731519
0.24986039936805704
0.23850083346178233
0.2972681733474988
0.29230058908819434
0.29230058908819434
0.29230058908819434
0.29080365179801443
0.2615841646317304
