0.0703125
0.05738400527634364
0.047303031522375465
0.0703125
0.04160793806443154
0.06169341081088112
0.04160793806443154
0.03688636485570879
0.03688636485570879
0.031191271397764873
0.05738400527634364
0.25739390355181246
0.03688636485570879
0.30650408815145386
0.49843829791861144
0.09635416666666667
0.03688636485570879
0.031191271397764873
0.047303031522375465
0.03688636485570879
0.09635416666666667
0.02598293806443154
0.25859610799637345
0.047303031522375465
0.04648057848506638
0.0703125
0.05738400527634364
0.05738400527634364
0.05738400527634364
0.03688636485570879
0.25930555641542374
