0.1896551724137931
0.08620689655172414
0.22413793103448276
0.034482758620689655
0.034482758620689655
0.034482758620689655
0.05172413793103448
0.06896551724137931
0.05172413793103448
0.10344827586206896
0.15517241379310345
0.017241379310344827
0.05172413793103448
0.034482758620689655
0.05172413793103448
0.05172413793103448
0.2413793103448276
0.20689655172413793
0.15517241379310345
0.034482758620689655
0.05172413793103448
0.1206896551724138
0.10344827586206896
0.017241379310344827
0.017241379310344827
0.034482758620689655
0.06896551724137931
0.13793103448275862
0.017241379310344827
0.08620689655172414
0.10344827586206896
