0.1162728776195715
0.14194587905346734
0.14493017712874137
0.14150541054264265
0.11260411377450939
0.13697470196148698
0.14161040826469698
0.11531067563271312
0.14161040826469698
0.1140790572236922
0.06428185640455852
0.08470408849575177
0.14057997753489315
0.1395533218455496
0.14161040826469698
0.11337331304307857
0.11817478500391117
0.14441649373359947
0.02194469320923769
0.11659375010861868
0.08195660237612738
0.045934245058576524
0.03184385245881146
0.14369860484113534
0.14662609108137598
0.11324213700876365
0.00975319698188341
0.14276028651368589
0.11797905921485173
0.11379206018756902
0.1140790572236922
