0.7710656388410769
0.8606885499550817
0.8565339550602911
0.8636623206107849
0.4958957592506778
0.545286391076459
0.8625860518171717
0.45659066013072247
0.8625860518171717
0.7741916934841783
0.4858276828829438
0.49791479579978104
0.5514115503257232
0.7784038873177664
0.8625860518171717
0.7772095628195398
0.7703424401196108
0.8567508375378915
0.4858276828829438
0.4958957592506778
0.40885978028147807
0.4879645413132726
0.5471496792966047
0.46822250470800925
0.46822250470800925
0.7784038873177664
0.4922859150092839
0.8584839248507281
0.4639973604861449
0.7751030820299872
0.7741916934841783
