3.8850711219559295E-9
2.2097086913639856E-4
0.001564036313782689
0.0020221817061716277
2.6017447567127134E-9
0.021842475113371194
1.562500000481654E-4
2.6098122016319516E-9
0.022539997738806376
0.00127688401554295
0.0012768840155461556
0.0026845766478778227
0.01709546935325941
0.01709546935325941
3.8850711219559295E-9
1.5625000004829893E-4
1.5625000004829893E-4
0.01708743376966827
0.0015640363137826912
2.6098122016319516E-9
0.0026891199007911437
2.5952727448054872E-9
2.6098122016319516E-9
2.209708691548537E-4
0.0021875000000034384
0.021843033972888014
2.6098122016319516E-9
0.0012768840155461883
0.0012454264675299672
3.8850711219559295E-9
3.8850711219559295E-9
