0.9300862710138261
0.984262672882985
0.9844985643315036
0.8885244423614602
0.9300862710138261
0.986385695889189
0.984262672882985
0.9863070654063495
0.94362194414199
0.9627965494379732
0.9627965494379732
0.9844985643315036
0.8885244423614602
0.8885244423614602
0.9300862710138261
0.984262672882985
0.984262672882985
0.9427008442306191
0.9844985643315036
0.9863070654063495
0.9844985643315036
0.9532822631058463
0.9863070654063495
0.984262672882985
0.984262672882985
0.9844985643315036
0.9863070654063495
0.9627965494379732
0.9634255932538223
0.9300862710138261
0.9863070654063495
