0.29080365179801443
0.28844785881748514
0.22837448797855667
0.23370563184461532
0.29080365179801443
0.2283150893466238
0.28844785881748514
0.2903073148967722
0.23123282999582026
0.24282144825842641
0.24282144825842641
0.22837448797855667
0.23370563184461532
0.23370563184461532
0.29080365179801443
0.28844785881748514
0.28844785881748514
0.2331459248529015
0.22837448797855667
0.2903073148967722
0.22837448797855667
0.23666384827370704
0.2903073148967722
0.28844785881748514
0.28844785881748514
0.22837448797855667
0.2903073148967722
0.24282144825842641
0.24410278708952757
0.29080365179801443
0.2903073148967722
