0.03688636485570879
0.031191271397764873
0.031191271397764873
0.047303031522375465
0.03688636485570879
0.025496177939820952
0.031191271397764873
0.025496177939820952
0.035912844606487616
0.03688636485570879
0.03688636485570879
0.031191271397764873
0.047303031522375465
0.047303031522375465
0.03688636485570879
0.031191271397764873
0.031191271397764873
0.04160793806443154
0.031191271397764873
0.025496177939820952
0.031191271397764873
0.02598293806443154
0.025496177939820952
0.031191271397764873
0.031191271397764873
0.031191271397764873
0.025496177939820952
0.03688636485570879
0.03688636485570879
0.03688636485570879
0.025496177939820952
