1.0527762628061494
1.1129010233196879
1.51265620442783
1.2583674710575248
1.0527762628061494
1.5103107755759608
1.1129010233196819
1.1006578796190125
1.2759568661394223
1.2446743992370237
1.244674399237028
1.5126562044278105
1.2583674710575248
1.2583674710575248
1.0527762628061494
1.1129010233196819
1.1129010233196819
1.2823063504469117
1.51265620442783
1.1006578796190125
1.5126562044278105
1.315209158115116
1.1006578796190125
1.1129010233196819
1.1129010233196694
1.5126562044278218
1.1006578796190125
1.244674399237028
1.2419841949344632
1.0527762628061494
1.1006578796190123
