0.08609145959126716
0.08823592834459497
0.07838379977743766
0.08760052171290278
0.08310340571420186
0.09941684032762917
0.0744036999145726
0.09023860871791005
0.08785942755567222
0.09267686207278449
0.10321922872731011
0.08034425677888074
0.08804609432209815
0.08936564774953305
0.0858977664382802
0.09026413248597055
0.08733069472140408
0.08005639286758083
0.08364247926326879
0.08862355797847499
0.08778362101017757
0.08635085077987856
0.07723623160420354
0.08859705050919528
0.08806728065352175
0.07275248959747198
0.0861536405299841
0.0885346169793856
0.08841816167939161
0.08733069472140408
0.08624297979669127
