0.5441166586001245
0.5442166071600837
0.5442166071600837
0.5442166071600837
0.5441166586001245
0.5531988173451454
0.3871964314745207
0.5442166071600837
0.5442166071600837
0.5542346416769278
0.5542346416769278
0.5442166071600837
0.5442166071600837
0.5441166586001245
0.5531988173451454
0.5442166071600837
0.5442166071600837
0.3879714211017584
0.5408811298730757
0.5442166071600837
0.5442166071600837
0.548990968186072
0.548990968186072
0.5442166071600837
0.5442166071600837
0.37385120342073996
0.5441166586001245
0.5442166071600837
0.5442166071600837
0.5442166071600837
0.43670130735256046
