1.3693180627005994
1.3500494530809979
1.263171259085646
1.3449861629069135
1.3693180627005994
1.1637102164170265
1.5827498247469196
1.3669603898268932
1.367336196557883
1.1664974288954435
1.1664974288954435
1.2350414066005877
1.3500494530809979
1.3901186074608323
1.1852924067558357
1.3689207002668489
1.3449861629069135
1.4529120172027563
1.2514670675115032
1.3500494530809979
1.3500494530809979
1.1738598759407728
1.0680001161093873
1.3500494530809979
1.3500494530809979
1.4834268092355387
1.3693180627005994
1.3500494530809979
1.3500494530809979
1.3449861629069135
1.4293835117987168
