0.03705479248981364
0.049979813843005774
0.022288725202689305
0.012098473634459185
0.03469025374749046
0.04991080126175343
0.026977372393925936
0.0334020411970696
0.04699290159556991
0.04965795700435283
0.03628781318758378
0.04494733120824149
0.022713856042581436
0.041784013699681294
0.04333010929691766
0.04182480347063798
0.02209659065398953
0.03321923587078111
0.04255659889272983
0.017124698598588332
0.026284043027224212
0.04171094075153436
0.0383064034217238
0.03028432575233472
0.04247537950441906
0.024324113416473846
0.022282097757371316
0.04662101216127625
0.03616069526077287
0.041439580529000875
0.01502823993615228
