0.8494486518210855
0.7483436981523911
0.8067403302445797
0.7612743272273074
0.6508391553142742
0.6607374634597803
0.8127447771469848
0.7542428038810698
0.7615282746996835
0.7546641685759755
0.6604139155690493
0.6119682622092302
0.67940542431801
0.7809166939425063
0.6340052595343167
0.7002404036071829
0.8367475160175017
0.742068373946118
0.7975380262826229
0.7840148531054953
0.8098478948695087
0.7016474607133855
0.7956644582642032
0.8103633141838128
0.6961095247231972
0.7876660534305482
0.6215354980944534
0.8180268845724089
0.8059389848873038
0.6428219395567394
0.7002460468843468
