0.05660377358490566
0.05660377358490566
0.05660377358490566
0.05660377358490566
0.05660377358490566
0.23333333333333334
0.09433962264150944
0.09433962264150944
0.07547169811320754
0.23333333333333334
0.07547169811320754
0.23333333333333334
0.05660377358490566
0.1509433962264151
0.05660377358490566
0.1320754716981132
0.1509433962264151
0.23333333333333334
0.23333333333333334
0.09433962264150944
0.23333333333333334
0.05660377358490566
0.1509433962264151
0.23333333333333334
0.1320754716981132
0.23333333333333334
0.23333333333333334
0.07547169811320754
0.09433962264150944
0.1509433962264151
0.05660377358490566
