0.13337207223228942
0.1019483948212388
0.12995519405854528
0.1315643753174388
0.14766837414147566
0.14245442151926735
0.09962929396725205
0.07067302808214762
0.10159832034941697
0.08467040020851957
0.10214747921308519
0.13267716896252296
0.13246602759832773
0.10202593499881768
0.10432708234682565
0.1345840071485475
0.1344582640953458
0.08491757152683772
0.08789248845969304
0.10073809352268627
0.10118331884444853
0.1327890485449419
0.10021575661855882
0.10116079888279085
0.06833031628397788
0.13387851142984877
0.10197144865970315
0.10252870077395407
0.08526382130066906
0.10124950351161494
0.10054498971433228
