1.115885811377074
1.3120233961130097
1.3232916461296782
1.1612690593273816
1.3389099095780375
1.1872837765464703
1.3588792797288394
1.4468961128556568
1.1647995604176207
1.0765566009111227
1.3204129347652658
1.1684003100453344
1.3232916461296789
1.352680844686899
1.3232916461296729
1.2871301052420454
1.2364866159694727
1.1895787911672926
1.217488621575711
1.4597900434942335
1.1684003100453344
1.3232916461296789
1.1933038630891404
1.1748691258970496
1.1331758957747657
1.1684003100453344
1.1684003100453344
1.3221199652907059
1.4619913571236864
1.1948734560937238
1.151783620211914
