0.06407488562186557
0.07699518016023109
0.04113055404689576
0.01582680034303665
0.033767999105453486
0.09083611110515062
0.02678613373247783
0.015344445082346593
0.026934044845792978
0.035409111111111106
0.049151197629451755
0.05295490282980602
0.0646449999332428
0.0015872000630696617
0.08671666671832402
0.060398478082272736
0.01966626721383466
0.06357670005559919
0.061839087594429666
0.02017499999999999
0.0568606676730315
0.019982944445530577
0.04052179997587205
0.04052331112991439
0.07969678544065688
0.05081191099792057
0.06769777599758572
0.024550966301335228
0.014071032963663344
0.04292196537129085
0.02756013311688105
