0.5872205597107614
0.5683689932605405
0.6532793448413231
0.6848722600264555
0.654425109204534
0.6390349130062427
0.6436706033746296
0.7405787883636398
0.6399800168676087
0.6508895729008962
0.6294512423767845
0.6495951306720154
0.6976013252411952
0.7694696574547786
0.6370021690931906
0.4992983184263554
0.6527025683707195
0.7428497086967384
0.5799671707486727
0.6716593155098135
0.5914668486511244
0.6363848967991388
0.6335036847974956
0.6300668615313774
0.554287157574265
0.5864067924925489
0.595055181757923
0.5999769942588485
0.687166228516672
0.611247644136895
0.6325344809049944
