0.022793640363277766
0.0017951758270499745
3.816284041021402E-9
0.003125000000004841
0.020146218688963383
5.187304429694508E-9
0.0018221724671459417
0.0015625000000059211
0.03946529729079644
5.501967206619985E-9
0.035136244164682646
0.02708765292714554
0.0389142186142595
0.015640363137779504
4.32059177661628E-9
0.010486858850286775
0.022010078170804116
0.007247686558524501
0.04290788118246022
0.04531056906307313
5.501967206619985E-9
5.501967206619985E-9
0.020221817061679633
0.020221817061679633
4.190173389497823E-9
5.171068695299704E-9
0.022865569651467337
0.01943597323314733
3.667978143440106E-9
5.283671262980533E-9
0.0017951758270499745
