0.8885244423614602
0.984262672882985
0.9532822631058463
0.828125
0.9323890171181826
0.9300862710138261
0.984262672882985
0.9856330909204517
0.8674627066858376
0.8761682242990654
0.8370888747574827
0.8761682242990654
0.8761682242990654
0.9844985643315036
0.9300862710138261
0.8885244423614602
0.8885244423614602
0.8806613947470397
0.6657755230422888
0.8362127066632408
0.8761682242990654
0.8761682242990654
0.9447452367539836
0.9447452367539836
0.9878796750397068
0.9300862710138261
0.9429367356791377
0.984262672882985
0.8626887474361724
0.9300862710138261
0.984262672882985
