0.23370563184461532
0.28844785881748514
0.23666384827370704
0.2962626852826966
0.231877156626301
0.29080365179801443
0.28844785881748514
0.2362294127477131
0.1870793408788444
0.29645874055557225
0.21374175568298479
0.23728445459567202
0.23728445459567202
0.22837448797855667
0.29080365179801443
0.23370563184461532
0.23370563184461532
0.2364556977829048
0.2247754519739483
0.18754854680064617
0.29645874055557225
0.29645874055557225
0.2330877421474662
0.2330877421474662
0.23605370207483092
0.29080365179801443
0.2266322935729765
0.23123544530631723
0.29230058908819434
0.29080365179801443
0.28844785881748514
