0.047303031522375465
0.031191271397764873
0.02598293806443154
0.09635416666666667
0.050303223894993275
0.03688636485570879
0.031191271397764873
0.02203836922225856
0.0703125
0.047303031522375465
0.09635416666666667
0.047303031522375465
0.047303031522375465
0.031191271397764873
0.03688636485570879
0.047303031522375465
0.047303031522375465
0.047303031522375465
0.2755353314852394
0.09635416666666667
0.047303031522375465
0.047303031522375465
0.035912844606487616
0.035912844606487616
0.015079511273154282
0.03688636485570879
0.04160793806443154
0.031191271397764873
0.05738400527634364
0.03688636485570879
0.031191271397764873
