0.8960280696761685
0.9532822631058463
0.9300862710138261
0.8772915153376528
0.9300862710138261
0.9878796750397068
0.9300862710138261
0.9429367356791377
0.984262672882985
0.9300862710138261
0.9300862710138261
0.8885244423614602
0.9323890171181826
0.8885244423614602
0.9300862710138261
0.9844985643315036
0.984262672882985
0.8761682227256592
0.984262672882985
0.9050480764127242
0.9300862710138261
0.8885244423614602
0.9448238672368231
0.9844985643315036
0.986621587333021
0.9300862710138261
0.5358105364183966
0.9350736880647172
0.984262672882985
0.9300862710138261
0.984262672882985
