0.9300862710138261
0.8674627066858376
0.8795381021350461
0.9532822631058463
0.8626887474361724
0.8626887474361724
0.9323890171181826
0.5358105364183966
0.9844985643315036
0.9300862710138261
0.8806613947470397
0.8626887474361724
0.8761682242990654
0.9844985643315036
0.4717828819727743
0.8761682242990654
0.8806613947470397
0.8761682227256592
0.8761682242990654
0.5335976518524876
0.9447452367539836
0.8626887474361724
0.8626887474361724
0.8761682242990654
0.8626887474361724
0.47515275980875504
0.4126415114265972
0.8626887474361724
0.8834134615384615
0.8761682242990654
0.8626887474361724
