0.036243565354619235
0.05753769571353
0.036442835697974345
0.055960358457081485
0.013534781304900685
0.07355305396757066
0.025809608996987272
0.05588514217082851
0.05713958005532052
0.0388999831964571
0.039349020758571475
0.03958453905543764
0.005489095285030726
0.05664007958940697
0.05610603244014842
0.07336884298070329
0.026017548706651007
0.01619263111930881
0.024916333475571335
0.02587467789801991
0.0250043725774309
0.025498090276486488
0.02492343940156789
0.0557848351441568
0.07476731117515904
0.07244004819556013
0.0565441348632729
0.05771214193830033
0.05588514217082851
0.03888010948865659
0.07004970445987352
