0.020689655172413793
0.03103448275862069
0.0
0.034482758620689655
0.06551724137931034
0.0
0.05172413793103449
0.020689655172413793
0.0
0.12000000000000002
0.12000000000000002
0.12000000000000002
0.0
0.0
0.020689655172413793
0.013793103448275862
0.05172413793103449
0.07586206896551725
0.041379310344827586
0.06206896551724138
0.041379310344827586
0.013793103448275862
0.0
0.020689655172413793
0.020689655172413793
0.041379310344827586
0.020689655172413793
0.12000000000000002
0.020689655172413793
0.12000000000000002
0.04827586206896552
