1.5297359010611058
1.5075133238983713
1.4395481287873506
1.2752654979052847
1.610613319306204
1.459879200679759
1.3686419093763111
1.4093407242601357
1.5606874261854506
1.297101601189453
1.2998939053105076
1.2998939053105076
1.451591520449689
1.4389978014484959
1.4093407242601357
1.467511466854629
1.4304218815019534
1.4712324272157224
1.2212896229997565
1.4351243871075052
1.228779291920345
1.393871977873712
1.3635963249608178
1.3668850488127213
1.566522903826429
1.2969839762138655
1.4130934712021315
1.5504381645611525
1.4093407242601357
1.2805834727972494
1.3886872432393909
