0.18602498843128182
0.12355391022674687
0.13558537714021288
0.15040650406504066
0.1910569105691057
0.2225821378991208
0.3089430894308943
0.3089430894308943
0.13234613604812587
0.3333333333333333
0.12601626016260162
0.2886178861788618
0.13465987968533086
0.12818139750115687
0.11382113821138211
0.27235772357723576
0.2682926829268293
0.2682926829268293
0.13465987968533086
0.14530310041647385
0.12601626016260162
0.2682926829268293
0.17073170731707318
0.18186024988431282
0.3252032520325203
0.13008130081300814
0.16936603424340582
0.3333333333333333
0.26422764227642276
0.2764227642276423
0.11568718186024989
