0.12791228781348493
0.17135889666354662
0.0778926371667626
0.13869214775241165
0.09859814754366111
0.2290737996836186
0.1620419429327845
0.12969892294809307
0.3012923270738893
0.16571644145295858
0.1241447990787328
0.18827594913377677
0.14443888020067724
0.09109988928020513
0.11186529827392577
0.5531260804211461
0.1781327902108892
0.12663047644409725
0.12685215559297222
0.1572811131518324
0.10331349862773033
0.14286604734967784
0.26589534858371494
0.14053548159310786
0.13005317247966752
0.07830837996219028
0.09883672309854544
0.13174370746022965
0.20733704146385987
0.19632035545101933
0.10161703484042113
