0.7634037238104913
0.7945019431684367
0.7903823508387791
0.757203643299737
0.706374645884358
0.7417523504249388
0.591283770311095
0.593202484546826
0.7851397463535024
0.5596174610519822
0.7943100717448637
0.6494941742568745
0.8326128749487403
0.771744487458757
0.7889903424716802
0.6070981140167718
0.6622950079570208
0.623939534166281
0.7809166939425063
0.7785879015661975
0.7870302442034138
0.6551844787304884
0.7344838094378167
0.7146646200381485
0.5482819983220656
0.7923574978461492
0.7787985839136503
0.597562856702144
0.6270301689597184
0.620113392249147
0.7836593266441689
