1.057488115751637
0.774586734152352
1.0822968152857417
0.9438753262425256
1.0626691045403276
1.03519585685159
0.9076981665994772
1.0059793813168205
0.8948446690165928
1.0338738933021563
1.0
0.9582707816615423
1.0429417288529528
1.0161832605538588
0.9999999999999999
1.0
1.0947348061930449
0.9290866398752812
1.0357560274042372
0.876176056400116
0.8639373479929346
1.0
0.9885693774044184
0.9492613334884641
0.9323328103801657
1.1142692472936842
1.0250254048983218
0.7070747356669634
0.8347344504969808
0.9270196449418608
1.0
