0.022822820826666108
5.501967206619985E-9
0.0017951758270499745
0.0018221724671459417
0.022522561162855094
3.667978143440106E-9
0.022769271930303443
5.501967206619985E-9
5.471315340307336E-9
0.004583839458386917
0.027713621021946272
0.029178228388480606
5.187304429694508E-9
5.501967206619985E-9
0.020146218688963383
0.02552173798132297
0.022522561162855094
0.020221817061679633
3.7135448361900355E-9
0.020221817061679633
4.852278985171275E-9
3.816284041021402E-9
5.455924830701272E-9
0.004583839458386919
0.022522561162855097
0.022522561162855094
3.667978143440106E-9
0.0017951758270499745
0.03054372478513042
0.027882406902358894
0.022522561162855094
