0.22657243820473108
0.29645874055557225
0.28844785881748514
0.28844785881748514
0.22897113243380737
0.29230058908819434
0.22722998008902548
0.2972681733474988
0.29080365179801443
0.2364556977829048
0.23182472666771992
0.2615841646317304
0.29080365179801443
0.29645874055557225
0.231877156626301
0.2364556977829048
0.22897113243380737
0.2330877421474662
0.29080365179801443
0.2330877421474662
0.29080365179801443
0.23666384827370704
0.29080365179801443
0.2364556977829048
0.22897113243380737
0.22897113243380737
0.29230058908819434
0.28844785881748514
0.22559400513980507
0.2364556977829048
0.22897113243380737
