1.4764047723604599
1.0
1.1105617117771822
1.1105617117771822
1.4884038761801546
1.0
1.4763779581888072
1.0
1.0522350510663574
1.2582913160774567
1.500069541495705
1.1973710651950098
1.0522350510663574
1.0
1.2637525333509978
1.2582913160774556
1.4884038761801546
1.267511614189406
1.0522350510663574
1.267511614189406
1.0522350510663574
1.3086780178278339
1.0522350510663574
1.2582913160774567
1.4884038761801546
1.4884038761801546
1.0
1.1105617117771822
1.4876628710836812
1.2582913160774543
1.4884038761801546
