0.030049485730722417
0.04769698862511201
0.05643257176370498
0.06970962387624186
0.05410897284987795
0.0471699345335995
0.04711870292193498
0.04976767224208186
0.047154176889236954
0.034933876232608276
0.046107353218186986
0.046382346080389485
0.04150033927906782
0.03543608266169127
0.03371337556674573
0.025515642759625277
0.051735996725743395
0.041380712829314145
0.0458137483859883
0.06245749046514773
0.047154176889236954
0.047154176889236954
0.045642224248407845
0.029687896614295734
0.047772651876411214
0.05568301624725229
0.055836237671368076
0.07187273489441427
0.04769698862511201
0.047772651876411214
0.04654485769251183
