0.4680913441522411
0.3896895353309709
0.6531446591759568
0.47019991210284184
0.3580623056401399
0.3880765167508951
0.39359836506812934
0.3932356779721319
0.3932356779721319
0.3932356779721319
0.3932356779721319
0.3884440209446015
0.47267938034258333
0.39359836506812934
0.39359836506812934
0.3896895353309709
0.40749768927509483
0.39359836506812934
0.39359836506812934
0.37382375871502577
0.3932356779721319
0.3932356779721319
0.39359836506812934
0.47267938034258333
0.39359836506812934
0.4021667274076077
0.3868334223854562
0.47019991210284184
0.3896895353309709
0.39359836506812934
0.47267938034258333
