1.2856535210739064
1.35363795645001
1.0859613608641279
1.2998939053105076
1.5361906447567526
1.3888594483650336
1.395787665257376
1.4146412359234841
1.3957630364711384
1.3654943543195168
1.4213815690132623
1.5200014463168463
1.2212896229997565
1.3671397151912568
1.386800191353809
1.3171634346448937
1.444363416277395
1.395787665257376
1.4360220952652096
1.6703800612594362
1.3957630364711384
1.3957630364711384
1.4054926064400741
1.220241217686388
1.409552203821022
1.3887146270861037
1.5480936760251194
1.2998939053105076
1.35363795645001
1.409552203821022
1.292231849348397
