3.6043834684186985E-9
3.406483506513383E-9
0.001278961370609886
3.1486446504615116E-9
0.0011692679333712866
0.004861895947341845
0.0016206319824514314
0.0011048543456081666
2.6656007519359403E-9
0.016168399356245887
0.01790202275334634
2.692280962627311E-9
0.018645037365242426
0.011600256098784446
0.014298983972227473
0.001278961370609886
0.015925855727943618
0.010232239791711912
0.001278961370609886
0.0064769188079639665
0.011059406834943991
2.5936522184705443E-9
0.001278961370609886
0.001278961370609886
0.001278961370609886
0.001278961370609886
3.375486651403594E-9
3.041326806391369E-9
0.014298983972227473
2.692280962627311E-9
3.206859816800679E-9
