0.29080365179801443
0.29080365179801443
0.28844785881748514
0.23605370207483092
0.23611115390710402
0.2364556977829048
0.2364556977829048
0.23611115390710402
0.29080365179801443
0.2266322935729765
0.26343435831201895
0.23666384827370704
0.23185566304139107
0.22837448797855667
0.2330877421474662
0.28844785881748514
0.22897113243380737
0.22837448797855667
0.28844785881748514
0.2322647963793499
0.22837448797855667
0.29230058908819434
0.28844785881748514
0.28844785881748514
0.28844785881748514
0.28844785881748514
0.23605370207483092
0.23605370207483092
0.2330877421474662
0.23666384827370704
0.23605370207483092
