0.5673750860599767
0.5493165991354498
0.6004823120882758
0.6175852040797132
0.6479497974063497
0.586268778004763
0.3930241569884464
0.6245659379314756
0.6535610959996689
0.43120092700232876
0.7983092741616912
0.5155923748038961
0.5680993066293457
0.5903206510084537
0.5048814347467863
0.39935591396635856
0.67808865964643
0.39627280354247313
0.4199651621689747
0.5731914237235848
0.4745619876374608
0.6038758027561766
0.6015959187819551
0.6115864004544719
0.5881197729145269
0.5901325417696565
0.285098362320967
0.5836559406778705
0.6047411052546434
0.5887292468482297
0.6769675285831989
