0.24319418415848257
0.25886596115397964
0.2136032429686466
0.20701453847614334
0.1785983811115011
0.22534387316264573
0.39119280975167836
0.19311504212298003
0.17980454986839503
0.3476161590674532
0.0957918524717508
0.2814534742761457
0.23501836397857354
0.2202619409902025
0.30471637198632867
0.3804135154303479
0.15889557038891358
0.39161101933752035
0.38655514679283703
0.24184301287994783
0.32391683274367783
0.21184887318393963
0.21509317516113846
0.20322733067109555
0.22923201064450913
0.23943597532797434
0.4974170975854388
0.22441896114749812
0.20899351056892512
0.2258053095937476
0.16222922667822784
