0.992487083871972
0.6605608695168192
1.087897262163192
0.8367851797489064
1.012100084351165
0.9328206373876939
0.8605697220897794
0.8720787373698763
0.7743771191262426
0.9164374584506784
0.9674116782028963
1.0
1.0
0.9949823275880371
0.7391986335462337
0.9405007892770731
0.9999999999999998
1.0
0.9521176118029094
0.9868293565595317
1.0390696045905163
0.9768996225711679
0.7574754509567643
0.9040414988399645
0.8970199339991537
0.9828368634982247
1.0
1.0
0.937307267466357
1.0000000000000002
1.0889825835016025
