0.1906524757056918
0.18699186991869918
0.14345210550670986
0.12216566404442387
0.21544715447154472
0.14206385932438687
0.14854234150856085
0.13975011568718185
0.12447940768162888
0.16057380842202684
0.07723577235772358
0.08745950948634891
0.15085608514576584
0.12818139750115687
0.11383618695048589
0.15640906987505784
0.1800092549745488
0.1004164738546969
0.13142063859324388
0.11105969458583989
0.14227642276422764
0.2601626016260163
0.1018047200370199
0.11788617886178862
0.21138211382113822
0.11568718186024989
0.15548357242017585
0.15409532623785285
0.11892642295233688
0.08468301712170291
0.22026839426191577
