0.7665771266689992
0.6786981335801326
0.8078012663513956
0.8064656907559358
0.7090382727057256
0.8195731425153215
0.7891558786018217
0.821783426071188
0.8256942171457808
0.8189523820272908
0.8740853188263488
0.8346406925429736
0.7386861698325451
0.8222029096737057
0.8825615211265486
0.7921524587758603
0.8166574493139657
0.8324341711718829
0.801493963574527
0.8130551573910002
0.7382535185833117
0.6590407181258299
0.8251712734619248
0.7931268646328296
0.6660007599613247
0.8232017697317187
0.72779464490619
0.7943251204839674
0.8130231788204045
0.852063370240366
0.7543744803482278
