0.4664386828817437
0.4224994504617135
0.49592361064234325
0.44355920280405753
0.40315257501819884
0.3979160249139333
0.4242560200702265
0.42628973825420596
0.42591296975408194
0.42467997029869453
0.38015477332728187
0.45020730180464325
0.4134959840961989
0.4284676168111647
0.4490113349940483
0.38180462289246714
0.4530674098917162
0.4174582617257876
0.4518569486344053
0.4835716738068016
0.492483916862976
0.39775444121716125
0.40698439003186215
0.4426275233551069
0.4502624555138024
0.3641716368668504
0.4745759874817339
0.47791540893145973
0.4663793372787111
0.3839141295008404
0.4005330255471051
