0.09965197465398198
0.08186497510168467
0.09854711506801347
0.10103199949990822
0.09957811720951532
0.10013367997056273
0.1002375300258527
0.07989944004720657
0.10037089364019235
0.11602601878271888
0.08093434124836713
0.017781170871997362
0.008016703845834616
0.12767470836189967
0.09957811720951532
0.09951290410423408
0.08174217139890497
0.09995301513098123
0.09995301513098123
0.022783346282014286
0.017527759590073723
0.12128058289814928
0.10037089364019235
0.013092055010745087
0.09995301513098123
0.09986934390594994
0.11508865502956064
0.09995301513098123
0.10005943536928896
0.09995301513098123
0.09965197465398198
