0.5549046268679141
0.73539889967067
0.5000743107680405
0.484295582937522
0.5549046268679141
0.8625860518171717
0.8615946971265132
0.5000743107680405
0.8606885499550817
0.4221718166886358
0.4958957592506778
0.4879645413132726
0.5000743107680405
0.4782152274917582
0.5549046268679141
0.4940189235136001
0.46511716652897334
0.7784038873177664
0.7784038873177664
0.4958957592506778
0.48104297977911303
0.4694913380755208
0.8606885499550817
0.4892573663331969
0.7784038873177664
0.5514115503257232
0.46021808406663256
0.7784038873177664
0.8636623206107849
0.7784038873177664
0.5549046268679141
