0.008620689655172414
0.06896551724137931
0.0
0.1336206896551724
0.008620689655172414
0.030172413793103446
0.04310344827586207
0.0
0.05603448275862069
0.1206896551724138
0.017241379310344827
0.08189655172413794
0.0
0.017241379310344827
0.008620689655172414
0.030172413793103446
0.05603448275862069
0.017241379310344827
0.017241379310344827
0.017241379310344827
0.05603448275862069
0.017241379310344827
0.05603448275862069
0.06896551724137931
0.017241379310344827
0.030172413793103446
0.030172413793103446
0.017241379310344827
0.017241379310344827
0.017241379310344827
0.008620689655172414
