1.2901291570184685
1.4194268827992769
1.3613681850460264
1.3425850570286364
1.2889544268424316
1.0
1.0
1.355381220425624
1.0
1.6167468863121481
1.402652179577155
1.3541977930265128
1.3279418383836037
1.5567838356038044
1.2889544268424316
1.3559916938879888
1.6608641024759039
1.0727337679212259
1.0727337679212259
1.3533529614710174
1.5453133909102248
1.5554417402714367
1.0
1.319086554745848
1.0727337679212259
1.2867703971660567
1.5560712963509913
1.0727337679212259
1.0
1.0727337679212259
1.2901291570184685
