0.10828320222119389
0.0967144840351689
0.14715409532623785
0.11522443313280889
0.15447154471544716
0.11788617886178862
0.11614993058769088
0.14715409532623785
0.12355391022674687
0.15502082369273484
0.11846367422489588
0.23577235772357724
0.15040650406504066
0.10596945858398889
0.13008130081300814
0.2682926829268293
0.14993058769088385
0.12956964368347987
0.18741323461360482
0.12216566404442387
0.15040650406504066
0.12601626016260162
0.12216566404442387
0.09717723276260991
0.15826006478482185
0.13008130081300814
0.1951219512195122
0.11788617886178862
0.13512262841277187
0.18880148079592782
0.10550670985654789
