0.08167241598851346
0.060091303182239215
0.1153272774498993
0.08121508100196712
0.13719648101422954
0.07025748944431982
0.09425280828396243
0.08504381677321204
0.07013842999829316
0.1343666275354923
0.06952326873605401
0.1826402290115835
0.1334410405790473
0.07875264504608981
0.10742179472310931
0.20592066833699277
0.09766735358201654
0.08859441918248288
0.1616649262597426
0.09766975337994528
0.12684638079083058
0.10794825869664876
0.07747937636975315
0.072075210965411
0.11610244290066339
0.10105440936032667
0.17249940075020628
0.10072749345242399
0.0795565465872534
0.16251189237535044
0.073894587150117
