0.4862557635348759
0.48710482840131736
0.4690808096828092
0.5760957397131915
0.5681144866228379
0.5760957397131915
0.5677870807655667
0.4764461202550813
0.514622823617784
0.4232119368858212
0.4959322532385749
0.7634898593203387
0.5191198425401589
0.7747723131254867
0.48486986668704113
0.5760957397131915
0.4868847143483347
0.48486986668704113
0.5732915146937215
0.883153230911587
0.48486986668704113
0.4862557635348759
0.883153230911587
0.7634898593203387
0.7747723131254867
0.48227991368986545
0.883153230911587
0.48227991368986545
0.7747723131254867
0.5746234301171995
0.5627728092613585
