1.0955652570796395
1.2372069350226091
1.5007050913420943
1.1748410257004764
1.1922573902448326
1.1748410257004804
1.0
1.3756724247915724
1.25741974382502
1.4103254992626137
1.223589414980241
1.0669182708295892
1.2641458133571002
1.0650563132304427
1.392881820739876
1.0
1.2426040938441822
1.3928818207398765
1.1766917669205164
1.0
1.1170175346543307
1.2314559163849856
1.0
1.0669182708295892
1.0650563132304427
1.2669562073644098
1.0
1.2593306484272975
1.0650563132304427
1.1757262728200593
1.1965595023357234
