0.031191271397764873
0.04160793806443154
0.031191271397764873
0.03688636485570879
0.04160793806443154
0.03688636485570879
0.03688636485570879
0.031191271397764873
0.03688636485570879
0.031191271397764873
0.020287844606487616
0.025496177939820952
0.03688636485570879
0.031191271397764873
0.020287844606487616
0.020287844606487616
0.03688636485570879
0.03688636485570879
0.020287844606487616
0.020287844606487616
0.04648057848506638
0.03688636485570879
0.031191271397764873
0.035912844606487616
0.035912844606487616
0.03688636485570879
0.03688636485570879
0.03688636485570879
0.035912844606487616
0.03688636485570879
0.031191271397764873
