1.112901023319688
1.4990334720527738
1.1129010233196692
1.0527762628061494
1.4990334720527734
1.0527762628061494
1.0527762628061494
1.5126562044278105
1.0527762628061494
1.112901023319688
1.4220874099998044
1.1006578796190123
1.0527762628061494
1.112901023319688
1.4220874099998044
1.4220874099998044
1.0527762628061494
1.0527762628061494
1.4220874099998044
1.4220874099998044
1.4718554656408716
1.0527762628061494
1.1129010233196819
1.5025458299965682
1.2761843849525423
1.0527762628061494
1.0527762628061494
1.0527762628061494
1.2761843849525423
1.0527762628061494
1.1129010233196819
