0.05936899248196328
0.026680009580474874
0.07265502022889113
0.06546768429178218
0.060606215921318846
0.07443241783489438
0.07240975093506626
0.06008463082704098
0.0770498619247167
0.06008463082704098
0.07443241783489438
0.06008463082704098
0.07443241783489438
0.06012588077781279
0.06393842565299823
0.0621137047992238
0.060125880777812786
0.07032893598092008
0.06008463082704098
0.0705835440513705
0.061839396037635753
0.06103365168120701
0.07378071416794597
0.07421039956207452
0.06008463082704098
0.06008463082704098
0.06012588077781279
0.07465377583440677
0.06920023199320878
0.06281226473471226
0.05625017751606217
