0.9904761904761905
0.8484848484848484
0.9948051948051948
0.8173160173160173
0.9956709956709957
0.9965367965367965
0.9965367965367965
0.9965367965367965
0.9956709956709957
0.9965367965367965
0.9965367965367965
0.9965367965367965
0.9965367965367965
0.9948051948051948
0.9965367965367965
0.9956709956709957
0.9948051948051948
0.9965367965367965
0.9965367965367965
0.9948051948051948
0.9965367965367965
0.9965367965367965
0.9948051948051948
0.9965367965367965
0.9965367965367965
0.9965367965367965
0.9948051948051948
0.9965367965367965
0.9904761904761905
0.9965367965367965
0.9965367965367965
