0.031191271397764873
0.08072916666666667
0.03688636485570879
0.050303223894993275
0.047303031522375465
0.031191271397764873
0.03688636485570879
0.03688636485570879
0.03688636485570879
0.03688636485570879
0.020287844606487616
0.03688636485570879
0.03688636485570879
0.031191271397764873
0.1878451272882359
0.031191271397764873
0.09635416666666667
0.04160793806443154
0.02598293806443154
0.031191271397764873
0.031191271397764873
0.047303031522375465
0.03688636485570879
0.06169341081088112
0.04160793806443154
0.04006720926280782
0.031191271397764873
0.03688636485570879
0.03688636485570879
0.03688636485570879
0.04160793806443154
