1.1105617117771858
1.3243405885208754
1.4087905804295757
1.2637525333509978
1.3473108160414848
1.1105617117771855
1.0522350510663574
1.0522350510663574
1.4087905804295757
1.0522350510663574
1.4088329772788115
1.0522350510663574
1.0522350510663574
1.1105617117771829
1.5205735624693204
1.1105617117771829
1.3727595981602196
1.067252719809151
1.3086780178278339
1.1105617117771829
1.4965577210103973
1.2530140917038357
1.2396047406151742
1.254551445399835
1.4962041876253604
1.0879377385144342
1.4965577210103975
1.0522350510663574
1.0522350510663574
1.0522350510663574
1.287281142203873
