0.0015562119162668502
1.5625000002179618E-4
2.6017447567127134E-9
3.8850711219559295E-9
1.562500000215817E-4
0.003016760068330003
2.6017447567127134E-9
3.8850711219559295E-9
0.022804313374026854
0.0020146218689000165
0.01709546935325941
1.5625000004829988E-4
3.8850711219559295E-9
0.0016281468253951954
0.0025390437544704735
3.8796563860670685E-9
0.002561218949268325
0.016953945144800184
0.017081444328234836
3.874234082402104E-9
0.0021986323874206635
3.8850711219559295E-9
1.5625000002168936E-4
3.8850711219559295E-9
0.0025306162446606796
3.874234082402104E-9
3.8850711219559295E-9
1.562500000482993E-4
3.8850711219559295E-9
1.5625000004829893E-4
0.001564036313782689
