0.986385695889189
0.984262672882985
0.9300862710138261
0.9300862710138261
0.986621587333021
0.9324676476010221
0.9300862710138261
0.9863070654063495
0.8806613947470397
0.9323890171181826
0.8885244423614602
0.984262672882985
0.9300862710138261
0.9348377966161986
0.9348377966161986
0.9300862710138261
0.9429367356791377
0.9335909402130157
0.9429367356791377
0.9300862710138261
0.9840604812870944
0.9300862710138261
0.986621587333021
0.9300862710138261
0.9348377966161986
0.9300862710138261
0.9863070654063495
0.984262672882985
0.9863070654063495
0.984262672882985
0.9844985643315036
