0.2283150893466238
0.28844785881748514
0.29080365179801443
0.29080365179801443
0.23611115390710402
0.22722998008902548
0.29080365179801443
0.2903073148967722
0.2364556977829048
0.231877156626301
0.23370563184461532
0.28844785881748514
0.29080365179801443
0.23590251574246582
0.22745997157147144
0.29080365179801443
0.2266322935729765
0.22722998008902548
0.2266322935729765
0.29080365179801443
0.28897451350991854
0.29080365179801443
0.23611115390710402
0.29080365179801443
0.22910872003129415
0.29080365179801443
0.2903073148967722
0.28844785881748514
0.2903073148967722
0.28844785881748514
0.22837448797855667
