1.5103107755759608
1.112901023319688
1.0527762628061494
1.0527762628061494
1.4220874099998044
1.4974228732338817
1.0527762628061494
1.1006578796190123
1.2609674940402293
1.2723034340918393
1.2583674710575248
1.1129010233196819
1.0527762628061494
1.2851856610020886
1.51727827581869
1.0527762628061494
1.4990334720527705
1.4975326837662342
1.499033472052768
1.0527762628061494
1.1009892712302223
1.0527762628061494
1.4220874099998044
1.0527762628061494
1.5172384351663062
1.0527762628061494
1.1006578796190123
1.1129010233196819
1.1006578796190123
1.1129010233196819
1.51265620442783
