0.04700905588938164
0.026416821032621548
0.04116969324381607
0.10696377176122163
0.18189394054343147
0.0487470163990981
0.02439263023115549
0.07520024563343883
0.019128395300170003
0.019157497652305962
0.11788203851940872
0.029465666432869398
0.07362784340143765
0.024295255095776343
0.009535871245871259
0.20497933555163625
0.02554580259851402
0.3411186479947317
0.057351428107986706
0.19111509132532942
0.17767918480439288
0.02654269402299607
0.05567030058885132
0.029850286673142032
0.09135226734814506
0.10682636695478082
0.06616343488378122
0.029622997602560906
0.013020782946267701
0.028746816207220152
0.02851642356722996
