0.8073610907326102
0.8332355165291587
0.7846036350229305
0.6760081714653334
0.7904632378114619
0.7787383889572354
0.761629853688634
0.8243078520558459
0.7106447256050533
0.75952867349127
0.7556348122481688
0.7682531799866819
0.817428697193034
0.7972220027614436
0.8322554673950256
0.8198647118354572
0.7494497804765183
0.4479633412715432
0.6687038897228398
0.8350263164825077
0.7411315899369082
0.7489305989774383
0.7788399679461857
0.860983510344127
0.641324590015914
0.6729871370902509
0.8371011613864403
0.7151913259067805
0.8202823143455867
0.8268529700567714
0.7788399679461857
