0.09393711868041595
0.08354858235332346
0.09709504877060926
0.1589377691957319
0.10323223749607739
0.10209403958987362
0.12051550664195367
0.08264056536645177
0.13781086988840793
0.11253877962805409
0.11140625994504687
0.12197872054518534
0.0827341478151379
0.09425951846349212
0.07217465617452014
0.08542947651708667
0.11466457299342808
0.33291750551288063
0.16731714326101887
0.08430432437293454
0.14193351513985558
0.11764585075834284
0.10148655587671447
0.06165540087817129
0.18241997412140254
0.16419885152607328
0.07611486400345119
0.13461902354743932
0.08173411325732595
0.0749264540111277
0.0995092097032333
