0.1183044620711801
0.1453402270363343
0.18741917866479404
0.08925030174005939
0.1435245158363289
0.14860249172070447
0.18274948859010787
0.1448380320078905
0.14765094514386284
0.20185085028261898
0.14425831347296086
0.18804883647362325
0.09538185338599801
0.1470355740417837
0.14710434585227591
0.18866452213120627
0.1455149209785431
0.18870342692716527
0.1466756964672335
0.18943093180878118
0.14416226484409173
0.14499354002023945
0.1194620281624986
0.15617640217450288
0.14229430396822648
0.1419356434225846
0.14295866196873866
0.14306722169466998
0.18835923052474118
0.14500449289104772
0.14306722169466998
