0.4292672721362909
0.5542346416769278
0.5409176943400066
0.3851588965496829
0.5472630250346754
0.5451951636155757
0.3831149862675507
0.5542346416769278
0.5409176943400066
0.5442166071600837
0.3879714211017584
0.548990968186072
0.38994213667115285
0.5451951636155757
0.5451951636155757
0.548990968186072
0.5451951636155757
0.38994213667115285
0.38705680390372604
0.5441166586001245
0.5531988173451454
0.4857010074635429
0.48405046118176936
0.4857010074635429
0.38994213667115285
0.5542346416769278
0.5442166071600837
0.5531988173451454
0.5436275055492091
0.5451951636155757
0.5531988173451454
