1.234055877664742
1.1482695851675022
1.2377529281392807
1.4605485073247693
1.1548399478166516
1.1655475434852087
1.3559585815079338
1.1482695851675022
1.2753161107307447
1.2831879202830176
1.3795540617115436
1.1573140486861921
1.1859904726786683
1.1510310697670862
1.1510310697670862
1.1547574348661118
1.1510310697670862
1.2673874959665201
1.378095350266115
1.2997436404814835
1.1078342913696808
1.2004217396467893
1.0854604402829
1.2004217412707126
1.2613066819369647
1.0625758622449126
1.1789564791776892
1.1078342913696808
1.2745475448436947
1.1510310697670862
1.1078342913696808
