0.0
0.0
0.006577737499409747
0.0
0.06288473960613986
0.009866606249114616
0.012634051053451832
0.0
0.058153781086078035
0.02360674704499491
0.006577737499409747
0.006577737499409747
0.06207177679453543
0.006577737499409747
0.1547052055081657
0.0
0.06266908688210111
0.006577737499409747
0.006577737499409747
0.006577737499409747
0.01931493003985686
0.06207177679453543
0.006577737499409747
0.02452821942266391
0.006577737499409747
0.006577737499409747
0.1528650556839797
0.006577737499409747
0.006577737499409747
0.006577737499409747
0.0
