0.0
0.0
0.023255813953488372
0.0
0.21945687145856882
0.03488372093023256
0.03488372093023256
0.0
0.06828859004663267
0.06828859004663267
0.023255813953488372
0.023255813953488372
0.21945687145856882
0.023255813953488372
0.2176407387769623
0.0
0.21945687145856882
0.023255813953488372
0.023255813953488372
0.023255813953488372
0.06828859004663267
0.21945687145856882
0.023255813953488372
0.06828859004663267
0.023255813953488372
0.023255813953488372
0.06828859004663267
0.023255813953488372
0.023255813953488372
0.023255813953488372
0.0
