0.047619047619047616
0.2
0.047619047619047616
0.07272727272727272
0.07272727272727272
0.047619047619047616
0.10909090909090909
0.047619047619047616
0.047619047619047616
0.10909090909090909
0.18181818181818182
0.10909090909090909
0.047619047619047616
0.047619047619047616
0.10909090909090909
0.047619047619047616
0.047619047619047616
0.10909090909090909
0.047619047619047616
0.047619047619047616
0.047619047619047616
0.047619047619047616
0.047619047619047616
0.10909090909090909
0.2909090909090909
0.047619047619047616
0.10909090909090909
0.047619047619047616
0.18181818181818182
0.047619047619047616
0.07272727272727272
