0.0849724998057819
0.09792092475141626
0.09543005776280014
0.05000000037252903
0.05000000037252903
0.09539541055188888
0.07960050233345982
0.09539541055188888
0.09188102730548992
0.050132057385955886
0.06109939072909582
0.07820513832141382
0.12530191008709315
0.0849724998057819
0.07960050233345982
0.09540407353423337
0.09540407353423337
0.07402243592242165
0.12530191008709315
0.0849724998057819
0.09539541055188888
0.09543005776280014
0.09539541055188888
0.07960050233345982
0.05455303011844661
0.09543005776280014
0.07792141001810939
0.12530191008709315
0.0924789191583269
0.12530191008709315
0.042744774257459796
