0.4959322532385749
0.5146428973039127
0.5732915146937215
0.5760957397131915
0.5760957397131915
0.5760957397131915
0.4868847143483347
0.5760957397131915
0.4866380260494769
0.5732915146937215
0.4809336074018399
0.4781127634742964
0.883153230911587
0.4959322532385749
0.4868847143483347
0.5746234301171995
0.5746234301171995
0.48486986668704113
0.883153230911587
0.4959322532385749
0.5760957397131915
0.5732915146937215
0.5760957397131915
0.4868847143483347
0.5678598539361481
0.5732915146937215
0.4781127634742964
0.883153230911587
0.544879555340985
0.883153230911587
0.4959322532385749
