0.10909090909090909
0.09090909090909091
0.047619047619047616
0.18181818181818182
0.10909090909090909
0.21818181818181817
0.12727272727272726
0.18181818181818182
0.21818181818181817
0.14545454545454545
0.07272727272727272
0.047619047619047616
0.10909090909090909
0.2909090909090909
0.21818181818181817
0.2545454545454545
0.047619047619047616
0.047619047619047616
0.10909090909090909
0.2545454545454545
0.14545454545454545
0.047619047619047616
0.10909090909090909
0.047619047619047616
0.047619047619047616
0.07272727272727272
0.07272727272727272
0.10909090909090909
0.047619047619047616
0.047619047619047616
0.09090909090909091
