0.11257210997169005
0.07075741406208783
0.14195470330349305
0.03857481728959477
0.10251332545011944
0.1430681416734123
0.14644262655819185
0.14700903968564344
0.11940838334864838
0.17390554159253263
0.054571433521456277
0.11994281783781878
0.10251332545011944
0.04692617729692542
0.11884894933376323
0.04371678195834395
0.13492173469775293
0.17193679472822457
0.14565876571446337
0.04371678195834395
0.14195470330349305
0.17720366063642115
0.16641309781795108
0.14195470330349305
0.17720366063642115
0.07071067864549035
0.07071067864549035
0.06648062776808568
0.13490948339063066
0.14195470330349305
0.07075741406208783
