0.4868847143483347
0.5746234301171995
0.7747723131254867
0.48812175672578545
0.48486986668704113
0.7634898593203387
0.5671248453522578
0.5643858756755906
0.561012153381677
0.7655437682802724
0.4959322532385749
0.49267195912333217
0.48486986668704113
0.4863407367257901
0.561012153381677
0.4862557635348759
0.5746234301171995
0.7747723131254867
0.4868847143483347
0.4862557635348759
0.7655437682802724
0.883153230911587
0.4868847143483347
0.7747723131254867
0.883153230911587
0.5760957397131915
0.5760957397131915
0.4868847143483347
0.5760957397131915
0.7747723131254867
0.5746234301171995
