0.07200941750488951
0.05
0.023809523809523808
0.11818181818181818
0.07200941750488951
0.14863766850017912
0.08389228574409703
0.12219996563340473
0.14863766850017912
0.09635888528715805
0.03636363636363636
0.020995670995670995
0.07200941750488951
0.19999999999999998
0.14863766850017912
0.1727272727272727
0.01645021645021645
0.023809523809523808
0.07200941750488951
0.1727272727272727
0.09635888528715805
0.023809523809523808
0.07200941750488951
0.023809523809523808
0.023809523809523808
0.03636363636363636
0.03636363636363636
0.07200941750488951
0.011904761904761904
0.023809523809523808
0.05
