0.16850855981244248
0.14759463403604414
0.18632421591640216
0.14161040826469698
0.1405856275851513
0.14109894828170233
0.0399627057538453
0.11301173907435323
0.11387877816785377
0.13972817166973048
0.14161040826469698
0.14080706732891538
0.11701196781377733
0.1140790572236922
0.12389508823597957
0.1387045380327162
0.11409575381982574
0.14018715195878786
0.11387877816785377
0.14194587905346734
0.1387045380327162
0.11444330601047006
0.1687944676129831
0.14109894828170233
0.1400832095170046
0.10716673434212538
0.11410044344476565
0.02937704404470552
0.1387045380327162
0.13828554444911365
0.1421760560557814
