0.4639973604861449
0.457058365623977
0.6048014385100131
0.8625860518171717
0.7784038873177664
0.7784038873177664
0.4682423442914731
0.549859457643141
0.7784038873177664
0.5549046268679141
0.8625860518171717
0.4940189235136001
0.4879645413132726
0.7741916934841783
0.4171594391792957
0.5000743107680405
0.4922859150092839
0.5000743107680405
0.7784038873177664
0.8606885499550817
0.5000743107680405
0.7751030820299872
0.4639973604861449
0.7784038873177664
0.5000743107680405
0.5000743107680405
0.49069825761233477
0.4682423442914731
0.5000743107680405
0.5000743107680405
0.8598678796834407
