0.09471965054482968
0.09442079771002733
0.07158046497946732
0.10466905242664247
0.09560942011890036
0.071052123450064
0.07111907626514681
0.0907076014273852
0.09458107474670868
0.07165043324590671
0.07175198007174273
0.09469401004964319
0.07208632297635444
0.0595411262624243
0.07146424688116121
0.09458304611651724
0.09442582363744144
0.07181618934358348
0.07235050335976843
0.09393945926880937
0.07167920632640847
0.07204054516489797
0.07122992030822667
0.07333351087879843
0.07179969726273411
0.07129693484407981
0.07152310628219781
0.0947746939148994
0.09441907228182053
0.10253856674632811
0.09374791916318484
