0.4868215938698747
0.5516101712869261
0.5488852245364145
0.5441166586001245
0.5409176943400066
0.38780606398512835
0.548990968186072
0.37082172043373407
0.5442166071600837
0.4383930781253888
0.43339402013339945
0.5516101712869261
0.5410639274978926
0.4811721658651915
0.5441166586001245
0.548990968186072
0.5442166071600837
0.5441166586001245
0.5437730099765814
0.4810385620322595
0.5442166071600837
0.5531988173451454
0.3831149862675507
0.4892025591218587
0.5442166071600837
0.5438571099358237
0.5409176943400066
0.5476202863766007
0.5436275055492091
0.5440712213667407
0.5542346416769278
