0.0660377358490566
0.018867924528301886
0.05031446540880503
0.015723270440251572
0.025157232704402514
0.03459119496855346
0.11666666666666665
0.031446540880503145
0.009433962264150943
0.03459119496855346
0.053459119496855355
0.018867924528301886
0.05031446540880503
0.05345911949685534
0.015723270440251572
0.028301886792452834
0.009433962264150943
0.015723270440251572
0.040880503144654086
0.04716981132075471
0.009433962264150943
0.028301886792452827
0.03773584905660378
0.0440251572327044
0.009433962264150943
0.009433962264150943
0.025157232704402514
0.031446540880503145
0.015723270440251572
0.022012578616352207
0.018867924528301886
