1.3620062859402386
1.2695173845634733
1.3330795404327431
1.2937310263089294
1.312534106813219
1.5197851350537532
1.1794354077230988
1.4981696601051862
1.3207108197072983
1.4717677122967305
1.434635684695476
1.3031953557445748
1.3695588919277015
1.3275919049789953
1.340660295255216
1.2498811858127006
1.3470607295006558
1.321497839554148
1.3897971773821456
1.3022782922535656
1.3207108197072983
1.163870426137466
1.4577560143479016
1.3751150517466848
1.3464992618156004
1.2981257994911088
1.3836743572602235
1.1963577634727587
1.3125294911002239
1.3393559876105812
1.1664974288954435
