0.5000743107680405
0.5549046268679141
0.4958957592506778
0.49429263413500124
0.4942174540321167
0.5530936675517877
0.5549046268679141
0.5000743107680405
0.5549046268679141
0.5417312998215883
0.8625860518171717
0.7784038873177664
0.4958957592506778
0.5000743107680405
0.4940189235136001
0.5000743107680405
0.7784038873177664
0.49429263413500124
0.5514115503257232
0.5000743107680405
0.7784038873177664
0.5000743107680405
0.7784038873177664
0.5000743107680405
0.5549046268679141
0.5000743107680405
0.8625860518171717
0.5530936675517877
0.7784038873177664
0.7784038873177664
0.4958957592506778
