0.11985900207044299
0.17720366063642115
0.17720366063642115
0.17720366063642115
0.13629006070135882
0.13495848194619978
0.16664233079148555
0.1443030176526344
0.14015837612812276
0.11257210997169005
0.07071067864549035
0.12769465934059845
0.14195470330349305
0.11764064217617866
0.14672650721506827
0.11057612207984749
0.14435798790594012
0.05824215621292346
0.11985900207044299
0.14195470330349305
0.10266735216526834
0.14754256454854453
0.13495848194619978
0.11257210997169005
0.11994281783781878
0.17039350685937835
0.13490948339063066
0.17388066164783655
0.08598619921626026
0.03751539632814662
0.06345298288054724
