0.9965367965367965
0.9523809523809523
0.9523809523809523
0.9523809523809523
0.7792207792207791
0.9948051948051948
0.9523809523809523
0.9523809523809523
0.038961038961039
0.8865800865800866
0.9272727272727272
0.7341991341991342
0.8138528138528137
0.8147186147186147
0.04155844155844161
0.036363636363636404
0.8138528138528137
0.6
0.9965367965367965
0.9523809523809523
0.8865800865800866
0.038961038961039
0.9948051948051948
0.8865800865800866
0.9948051948051948
0.7445887445887446
0.9965367965367965
0.9523809523809523
0.8138528138528138
0.9090909090909091
0.8
