0.4959322532385749
0.883153230911587
0.883153230911587
0.883153230911587
0.48227991368986545
0.5732915146937215
0.7747723131254867
0.7747723131254867
0.5833555225722968
0.4868847143483347
0.5760957397131915
0.5202132010582613
0.7655437682802724
0.5632358619991683
0.5860058355249685
0.581972589962503
0.7655437682802724
0.4906548565254828
0.4959322532385749
0.7747723131254867
0.48296992105710107
0.5833555225722968
0.5732915146937215
0.4868847143483347
0.49267195912333217
0.5632865587253221
0.5760957397131915
0.7747723131254867
0.47919054770470876
0.4942211902845293
0.48600208345779433
