0.011904761904761904
0.023809523809523808
0.023809523809523808
0.023809523809523808
0.12219996563340473
0.020995670995670995
0.023809523809523808
0.023809523809523808
0.7127598605503878
0.07200941750488951
0.03636363636363636
0.18636363636363634
0.09635888528715805
0.12219996563340473
0.7071147200895262
0.7206841237809181
0.09635888528715805
0.28181818181818186
0.011904761904761904
0.023809523809523808
0.07200941750488951
0.7127598605503878
0.020995670995670995
0.07200941750488951
0.020995670995670995
0.14863766850017912
0.011904761904761904
0.023809523809523808
0.12219996563340473
0.05
0.13181818181818183
