0.8531271017918668
0.8660254037844386
0.8531271017918668
0.8660254037844386
0.8660254037844386
0.8531271017918668
0.8660254037844386
0.8660254037844386
0.8660254037844386
0.8660254037844386
0.8660254037844386
0.8531271017918668
0.8531271017918668
0.8660254037844386
0.7432974750057872
0.8660254037844386
0.8660254037844386
0.8660254037844386
0.7609521281126116
0.8531271017918668
0.8531271017918668
0.8660254037844386
0.8660254037844386
0.8660254037844386
0.8531271017918668
0.8660254037844386
0.8531271017918668
0.8531271017918668
0.8660254037844386
0.8660254037844386
0.8660254037844386
