0.08801482318230734
0.021739142742258057
0.08841544649332633
0.03890951430890953
0.07148764297055388
0.035819009481168014
0.08841544649332633
0.02173037047558565
0.035819009481168014
0.0884153997567813
0.035819009481168014
0.08824988650497051
0.08841558670281321
0.08839805002809198
0.035819009481168014
0.07289016528609929
0.08841558670281321
0.08841558670281321
0.08841558670281321
0.07156304354476911
0.08841544649332633
0.0711427383646573
0.02495353527290402
0.08841544649332633
0.08820205358683872
0.08841544649332633
0.035819009481168014
0.088221915583187
0.08841544649332633
0.04812679693634839
0.035819009481168014
