0.9965367965367965
0.8874458874458874
0.9956709956709957
0.9965367965367965
0.9965367965367965
0.9965367965367965
0.9956709956709957
0.8874458874458874
0.9965367965367965
0.9965367965367965
0.9965367965367965
0.9904761904761905
0.9948051948051948
0.9844155844155844
0.9965367965367965
0.9948051948051948
0.9948051948051948
0.9948051948051948
0.9948051948051948
0.9965367965367965
0.9956709956709957
0.8909090909090909
0.8865800865800866
0.9956709956709957
0.9965367965367965
0.9956709956709957
0.9965367965367965
0.9852813852813853
0.9956709956709957
0.9878787878787879
0.9965367965367965
