0.4959322532385749
0.48486986668704113
0.5746234301171995
0.4770125787984301
0.4959322532385749
0.5760957397131915
0.5746234301171995
0.48486986668704113
0.5760957397131915
0.5760957397131915
0.5760957397131915
0.48600208345779433
0.5732915146937215
0.48710482840131736
0.5760957397131915
0.5732915146937215
0.5732915146937215
0.5732915146937215
0.5732915146937215
0.4959322532385749
0.5746234301171995
0.5732915146937215
0.4868847143483347
0.5746234301171995
0.4959322532385749
0.5746234301171995
0.5760957397131915
0.4860020834577944
0.5746234301171995
0.5677870807655667
0.5760957397131915
