1.2655247171976374
1.4688156863641284
1.1813627404610325
1.2852983776219633
1.3282244042249935
1.1804490988011145
1.1813627404610325
1.4688156863641284
1.1804490988011145
1.1804490988010972
1.1804490988011145
1.332532511202994
1.1823592030454084
1.2448154115014662
1.1804490988011145
1.2396165890423907
1.1823592030454084
1.1823592030454084
1.1823592030454084
1.315100734227765
1.1813627404610325
1.203969638033817
1.4140600827520262
1.1813627404610325
1.2655247171976374
1.1813627404610325
1.1804490988011145
1.2828948581096433
1.1813627404610325
1.1931762965878852
1.1804490988011145
