0.047619047619047616
0.10909090909090909
0.10909090909090909
0.047619047619047616
0.14545454545454545
0.10909090909090909
0.047619047619047616
0.2
0.047619047619047616
0.047619047619047616
0.047619047619047616
0.047619047619047616
0.047619047619047616
0.047619047619047616
0.047619047619047616
0.047619047619047616
0.047619047619047616
0.047619047619047616
0.047619047619047616
0.10909090909090909
0.09090909090909091
0.047619047619047616
0.047619047619047616
0.047619047619047616
0.047619047619047616
0.047619047619047616
0.047619047619047616
0.10909090909090909
0.14545454545454545
0.047619047619047616
0.047619047619047616
