0.9523809523809523
0.8484848484848484
0.8865800865800866
0.9965367965367965
0.8493506493506493
0.8865800865800866
0.9904761904761905
0.7965367965367965
0.9965367965367965
0.9965367965367965
0.9965367965367965
0.9965367965367965
0.9965367965367965
0.9965367965367965
0.9948051948051948
0.9956709956709957
0.9861471861471861
0.9523809523809523
0.9965367965367965
0.8865800865800866
0.9090909090909091
0.9956709956709957
0.9965367965367965
0.9956709956709957
0.9523809523809523
0.9956709956709957
0.9965367965367965
0.8865800865800866
0.8138528138528137
0.9965367965367965
0.9956709956709957
