0.7747723131254867
0.4868847143483347
0.48155747291574186
0.5760957397131915
0.4862557635348759
0.4781127634742964
0.568768732934242
0.5677506906823053
0.4959322532385749
0.5760957397131915
0.4959322532385749
0.4959322532385749
0.5760957397131915
0.5760957397131915
0.5732915146937215
0.5746234301171995
0.4863407367257901
0.883153230911587
0.5760957397131915
0.48296992105710107
0.5746234301171995
0.5746234301171995
0.5760957397131915
0.4942211902845293
0.7747723131254867
0.5746234301171995
0.4959322532385749
0.48296992105710107
0.7655437682802724
0.4959322532385749
0.5746234301171995
