1.0664544716923114
1.226994107698588
1.4580411684882042
1.178598623501905
1.2829120165017769
1.54308173025638
1.1866155498423334
1.1677507322118836
1.3052059082196739
1.178598623501905
1.3052059082196739
1.3052059082196739
1.178598623501905
1.178598623501905
1.1804891399469586
1.179502895919571
1.2392787866226027
1.0
1.178598623501905
1.380687158375446
1.0
1.179502895919571
1.178598623501905
1.306154579941714
1.0664544716923114
1.179502895919571
1.3052059082196739
1.4391036818055492
1.067810288509385
1.3052059082196739
1.179502895919571
