0.14900509023600186
0.23577235772357724
0.16427579824155483
0.09440074039796391
0.17886178861788618
0.1050439611291069
0.1036557149467839
0.16260162601626016
0.18880148079592782
0.2032520325203252
0.1951219512195122
0.12601626016260162
0.1016260162601626
0.18186024988431282
0.11244794076816289
0.09162424803331791
0.14946783896344285
0.12540490513651087
0.08375751966682092
0.15040650406504066
0.11244794076816289
0.13697362332253588
0.1018047200370199
0.2049976862563628
0.13789912077741787
0.16566404442387783
0.1991869918699187
0.14113836186950485
0.15826006478482185
0.17769551133734382
0.14993058769088385
