0.12764211026821762
0.15541027009296493
0.14299801018077207
0.05272733848939077
0.11239386752963765
0.07821399708275119
0.08730268035129325
0.10854069773304859
0.14157531139260773
0.1622081916382646
0.14240411493455662
0.09166237510471596
0.08353811775177274
0.11633274616661572
0.08103316806494737
0.0738902186007361
0.09189243747071518
0.09327410609604785
0.061175130604609225
0.13063244870163193
0.06771845825735436
0.11756748309979931
0.08122165614532238
0.18638692309616464
0.0853574156680172
0.11808260585521935
0.14689358821431428
0.11990157613296104
0.11753709730718492
0.1558246478829842
0.09886502375451746
