0.10909090909090909
0.10909090909090909
0.23636363636363636
0.10909090909090909
0.047619047619047616
0.047619047619047616
0.10909090909090909
0.047619047619047616
0.047619047619047616
0.047619047619047616
0.18181818181818182
0.047619047619047616
0.10909090909090909
0.16363636363636364
0.18181818181818182
0.047619047619047616
0.047619047619047616
1.0
0.14545454545454545
0.07272727272727272
0.047619047619047616
0.10909090909090909
0.36363636363636365
0.10909090909090909
0.047619047619047616
0.10909090909090909
0.10909090909090909
0.2909090909090909
0.10909090909090909
0.32727272727272727
0.10909090909090909
