0.4868847143483347
0.4868847143483347
0.48621327137053294
0.4868847143483347
0.883153230911587
0.883153230911587
0.48486986668704113
0.5732915146937215
0.5732915146937215
0.883153230911587
0.5643858756755906
0.883153230911587
0.48296992105710107
0.4805051540064691
0.48600208345779433
0.48812175672578545
0.5760957397131915
0.8415286736978231
0.7655437682802724
0.5760957397131915
0.5760957397131915
0.48296992105710107
0.5297569590975731
0.48486986668704113
0.5746234301171995
0.4868847143483347
0.4868847143483347
0.5625751812771815
0.48296992105710107
0.514883720493922
0.48486986668704113
