0.07200941750488951
0.07200941750488951
0.16197515686015604
0.07200941750488951
0.023809523809523808
0.023809523809523808
0.07200941750488951
0.020995670995670995
0.020995670995670995
0.023809523809523808
0.12219996563340473
0.023809523809523808
0.07200941750488951
0.10917158711887985
0.12219996563340473
0.023809523809523808
0.011904761904761904
0.7502562342370364
0.09635888528715805
0.03636363636363636
0.011904761904761904
0.07200941750488951
0.2545454545454545
0.07200941750488951
0.01645021645021645
0.07200941750488951
0.07200941750488951
0.20225192493430255
0.07200941750488951
0.22727272727272727
0.07200941750488951
