0.883153230911587
0.48296992105710107
0.5760957397131915
0.4781127634742964
0.4863407367257901
0.514622823617784
0.4868847143483347
0.883153230911587
0.883153230911587
0.48227991368986545
0.47219908924762305
0.5760957397131915
0.4942211902845293
0.4959322532385749
0.48296992105710107
0.48740165166956906
0.883153230911587
0.568768732934242
0.5760957397131915
0.7747723131254867
0.7747723131254867
0.48486986668704113
0.48296992105710107
0.883153230911587
0.48155747291574186
0.5760957397131915
0.48486986668704113
0.4942211902845293
0.5760957397131915
0.5732915146937215
0.5760957397131915
